shape: (5, 8)
-1.940745115280151367e-01,1.919724605977535248e-02,-1.945419758558273315e-01,4.961155056953430176e-01,-1.030504405498504639e-01,6.431734561920166016e-02,4.487133398652076721e-02,9.260972589254379272e-02
-5.008465051651000977e-02,2.584093809127807617e-01,-3.622119426727294922e-01,-1.139354109764099121e-01,-7.027271986007690430e-01,-4.252444952726364136e-02,1.242063403129577637e+00,6.089441180229187012e-01
-1.340438425540924072e-01,1.335659623146057129e+00,-1.061728689819574356e-02,-3.835967183113098145e-01,-6.946606040000915527e-01,1.672742247581481934e+00,2.515496015548706055e-01,1.161686062812805176e+00
3.036274611949920654e-01,-1.547654122114181519e-01,-2.267070114612579346e-01,-7.182088494300842285e-02,6.213830709457397461e-01,-5.030157566070556641e-01,-3.129952549934387207e-01,-5.390877723693847656e-01
-1.208330392837524414e-01,9.825600683689117432e-02,2.486297190189361572e-01,3.066779971122741699e-01,4.377073645591735840e-01,-8.077282309532165527e-01,6.886438280344009399e-02,-1.012426972389221191e+00

---
shape: (8, 8)
-2.926586195826530457e-02,-1.112393196672201157e-02,-3.603030741214752197e-01,5.623696446418762207e-01,1.003110170364379883e+00,-2.299487404525279999e-02,2.999989986419677734e-01,-8.429518938064575195e-01
-4.056042730808258057e-01,6.532520055770874023e-01,-1.944556832313537598e-01,-2.951790690422058105e-01,9.120549559593200684e-01,-1.343356221914291382e-01,1.468736529350280762e-01,-2.253185659646987915e-01
-1.936791688203811646e-01,3.483423218131065369e-02,6.973839998245239258e-01,6.391537189483642578e-01,2.252357006072998047e-01,-6.341399997472763062e-02,8.670125901699066162e-02,4.190417528152465820e-01
2.414667159318923950e-01,2.024946510791778564e-01,-1.167320925742387772e-02,1.762397140264511108e-01,6.643594056367874146e-02,3.080879151821136475e-01,2.424382865428924561e-01,-5.048445612192153931e-02
-5.900692939758300781e-01,9.595313072204589844e-01,4.140959680080413818e-01,3.320164382457733154e-01,-2.128613471984863281e+00,1.882524341344833374e-01,-7.868914127349853516e+00,-7.230015397071838379e-01
-2.254360765218734741e-01,2.439101934432983398e-01,-5.899323225021362305e-01,2.924237847328186035e-01,-5.999567508697509766e-01,3.614870607852935791e-01,9.168259501457214355e-01,-5.763680934906005859e-01
-1.758513450622558594e-01,3.437756597995758057e-01,8.376090526580810547e-01,-4.633546173572540283e-01,-1.134868144989013672e+00,-8.210059404373168945e-01,6.347948908805847168e-01,-2.533547282218933105e-01
3.543964400887489319e-02,-2.551926970481872559e-01,3.057233393192291260e-01,-2.403301894664764404e-01,6.935569643974304199e-01,1.621981412172317505e-01,-8.911358118057250977e-01,5.531857013702392578e-01

---
shape: (8, 1)
-6.263375282287597656e-01
6.513912677764892578e-01
1.923076510429382324e-01
-7.791720628738403320e-01
2.927708327770233154e-01
-7.181546688079833984e-01
-1.472614258527755737e-01
-4.816498756408691406e-01

---
shape: (8,)
-9.435488283634185791e-02
2.817716263234615326e-02
-1.861636154353618622e-02
6.682866066694259644e-02
1.904615312814712524e-01
-2.802968621253967285e-01
1.115595772862434387e-01
-2.688298821449279785e-01

---
shape: (8,)
-3.980994224548339844e-02
-4.218992963433265686e-02
-1.123607009649276733e-01
-3.174888789653778076e-01
1.063951626420021057e-01
-2.758474946022033691e-01
-5.501027107238769531e-01
5.192110538482666016e-01

---
shape: (1,)
1.812810078263282776e-02
