1 0 0 0 1
2 0 0.02 0 1
3 0 0.04 0 1
4 0 0.06 0 1
5 0 0.08 0 1
6 0 0.1 0 1
7 0 0.12 0 1
8 0 0.14 0 1
9 0 0.16 0 1
10 0 0.18 0 1
11 0 0.2 0 1
12 0 0.22 0 1
13 0 0.24 0 1
14 0 0.26 0 1
15 0 0.28 0 1
16 0 0.3 0 1
17 0 0.32 0 1
18 0 0.34 0 1
19 0 0.36 0 1
20 0 0.38 0 1
21 0 0.4 0 1
22 0 0.42 0 1
23 0 0.44 0 1
24 0 0.46 0 1
25 0 0.48 0 1
26 0 0.5 0 1
27 0 0.52 0 1
28 0 0.54 0 1
29 0 0.56 0 1
30 0 0.58 0 1
31 0 0.6 0 1
32 0 0.62 0 1
33 0 0.64 0 1
34 0 0.66 0 1
35 0 0.68 0 1
36 0 0.7 0 1
37 0 0.72 0 1
38 0 0.74 0 1
39 0 0.76 0 1
40 0 0.78 0 1
41 0 0.8 0 1
42 0 0.82 0 1
43 0 0.84 0 1
44 0 0.86 0 1
45 0 0.88 0 1
46 0 0.9 0 1
47 0 0.92 0 1
48 0 0.94 0 1
49 0 0.96 0 1
50 0 0.98 0 1
51 0 1 0 1
52 0 0 0.02 1
53 0 0.02 0.02 1
54 0 0.04 0.02 1
55 0 0.06 0.02 1
56 0 0.08 0.02 1
57 0 0.1 0.02 1
58 0 0.12 0.02 1
59 0 0.14 0.02 1
60 0 0.16 0.02 1
61 0 0.18 0.02 1
62 0 0.2 0.02 1
63 0 0.22 0.02 1
64 0 0.24 0.02 1
65 0 0.26 0.02 1
66 0 0.28 0.02 1
67 0 0.3 0.02 1
68 0 0.32 0.02 1
69 0 0.34 0.02 1
70 0 0.36 0.02 1
71 0 0.38 0.02 1
72 0 0.4 0.02 1
73 0 0.42 0.02 1
74 0 0.44 0.02 1
75 0 0.46 0.02 1
76 0 0.48 0.02 1
77 0 0.5 0.02 1
78 0 0.52 0.02 1
79 0 0.54 0.02 1
80 0 0.56 0.02 1
81 0 0.58 0.02 1
82 0 0.6 0.02 1
83 0 0.62 0.02 1
84 0 0.64 0.02 1
85 0 0.66 0.02 1
86 0 0.68 0.02 1
87 0 0.7 0.02 1
88 0 0.72 0.02 1
89 0 0.74 0.02 1
90 0 0.76 0.02 1
91 0 0.78 0.02 1
92 0 0.8 0.02 1
93 0 0.82 0.02 1
94 0 0.84 0.02 1
95 0 0.86 0.02 1
96 0 0.88 0.02 1
97 0 0.9 0.02 1
98 0 0.92 0.02 1
99 0 0.94 0.02 1
100 0 0.96 0.02 1
101 0 0.98 0.02 1
102 0 1 0.02 1
103 0 0 0.04 1
104 0 0.02 0.04 1
105 0 0.04 0.04 1
106 0 0.06 0.04 1
107 0 0.08 0.04 1
108 0 0.1 0.04 1
109 0 0.12 0.04 1
110 0 0.14 0.04 1
111 0 0.16 0.04 1
112 0 0.18 0.04 1
113 0 0.2 0.04 1
114 0 0.22 0.04 1
115 0 0.24 0.04 1
116 0 0.26 0.04 1
117 0 0.28 0.04 1
118 0 0.3 0.04 1
119 0 0.32 0.04 1
120 0 0.34 0.04 1
121 0 0.36 0.04 1
122 0 0.38 0.04 1
123 0 0.4 0.04 1
124 0 0.42 0.04 1
125 0 0.44 0.04 1
126 0 0.46 0.04 1
127 0 0.48 0.04 1
128 0 0.5 0.04 1
129 0 0.52 0.04 1
130 0 0.54 0.04 1
131 0 0.56 0.04 1
132 0 0.58 0.04 1
133 0 0.6 0.04 1
134 0 0.62 0.04 1
135 0 0.64 0.04 1
136 0 0.66 0.04 1
137 0 0.68 0.04 1
138 0 0.7 0.04 1
139 0 0.72 0.04 1
140 0 0.74 0.04 1
141 0 0.76 0.04 1
142 0 0.78 0.04 1
143 0 0.8 0.04 1
144 0 0.82 0.04 1
145 0 0.84 0.04 1
146 0 0.86 0.04 1
147 0 0.88 0.04 1
148 0 0.9 0.04 1
149 0 0.92 0.04 1
150 0 0.94 0.04 1
151 0 0.96 0.04 1
152 0 0.98 0.04 1
153 0 1 0.04 1
154 0 0 0.06 1
155 0 0.02 0.06 1
156 0 0.04 0.06 1
157 0 0.06 0.06 1
158 0 0.08 0.06 1
159 0 0.1 0.06 1
160 0 0.12 0.06 1
161 0 0.14 0.06 1
162 0 0.16 0.06 1
163 0 0.18 0.06 1
164 0 0.2 0.06 1
165 0 0.22 0.06 1
166 0 0.24 0.06 1
167 0 0.26 0.06 1
168 0 0.28 0.06 1
169 0 0.3 0.06 1
170 0 0.32 0.06 1
171 0 0.34 0.06 1
172 0 0.36 0.06 1
173 0 0.38 0.06 1
174 0 0.4 0.06 1
175 0 0.42 0.06 1
176 0 0.44 0.06 1
177 0 0.46 0.06 1
178 0 0.48 0.06 1
179 0 0.5 0.06 1
180 0 0.52 0.06 1
181 0 0.54 0.06 1
182 0 0.56 0.06 1
183 0 0.58 0.06 1
184 0 0.6 0.06 1
185 0 0.62 0.06 1
186 0 0.64 0.06 1
187 0 0.66 0.06 1
188 0 0.68 0.06 1
189 0 0.7 0.06 1
190 0 0.72 0.06 1
191 0 0.74 0.06 1
192 0 0.76 0.06 1
193 0 0.78 0.06 1
194 0 0.8 0.06 1
195 0 0.82 0.06 1
196 0 0.84 0.06 1
197 0 0.86 0.06 1
198 0 0.88 0.06 1
199 0 0.9 0.06 1
200 0 0.92 0.06 1
201 0 0.94 0.06 1
202 0 0.96 0.06 1
203 0 0.98 0.06 1
204 0 1 0.06 1
205 0 0 0.08 1
206 0 0.02 0.08 1
207 0 0.04 0.08 1
208 0 0.06 0.08 1
209 0 0.08 0.08 1
210 0 0.1 0.08 1
211 0 0.12 0.08 1
212 0 0.14 0.08 1
213 0 0.16 0.08 1
214 0 0.18 0.08 1
215 0 0.2 0.08 1
216 0 0.22 0.08 1
217 0 0.24 0.08 1
218 0 0.26 0.08 1
219 0 0.28 0.08 1
220 0 0.3 0.08 1
221 0 0.32 0.08 1
222 0 0.34 0.08 1
223 0 0.36 0.08 1
224 0 0.38 0.08 1
225 0 0.4 0.08 1
226 0 0.42 0.08 1
227 0 0.44 0.08 1
228 0 0.46 0.08 1
229 0 0.48 0.08 1
230 0 0.5 0.08 1
231 0 0.52 0.08 1
232 0 0.54 0.08 1
233 0 0.56 0.08 1
234 0 0.58 0.08 1
235 0 0.6 0.08 1
236 0 0.62 0.08 1
237 0 0.64 0.08 1
238 0 0.66 0.08 1
239 0 0.68 0.08 1
240 0 0.7 0.08 1
241 0 0.72 0.08 1
242 0 0.74 0.08 1
243 0 0.76 0.08 1
244 0 0.78 0.08 1
245 0 0.8 0.08 1
246 0 0.82 0.08 1
247 0 0.84 0.08 1
248 0 0.86 0.08 1
249 0 0.88 0.08 1
250 0 0.9 0.08 1
251 0 0.92 0.08 1
252 0 0.94 0.08 1
253 0 0.96 0.08 1
254 0 0.98 0.08 1
255 0 1 0.08 1
256 0 0 0.1 1
257 0 0.02 0.1 1
258 0 0.04 0.1 1
259 0 0.06 0.1 1
260 0 0.08 0.1 1
261 0 0.1 0.1 1
262 0 0.12 0.1 1
263 0 0.14 0.1 1
264 0 0.16 0.1 1
265 0 0.18 0.1 1
266 0 0.2 0.1 1
267 0 0.22 0.1 1
268 0 0.24 0.1 1
269 0 0.26 0.1 1
270 0 0.28 0.1 1
271 0 0.3 0.1 1
272 0 0.32 0.1 1
273 0 0.34 0.1 1
274 0 0.36 0.1 1
275 0 0.38 0.1 1
276 0 0.4 0.1 1
277 0 0.42 0.1 1
278 0 0.44 0.1 1
279 0 0.46 0.1 1
280 0 0.48 0.1 1
281 0 0.5 0.1 1
282 0 0.52 0.1 1
283 0 0.54 0.1 1
284 0 0.56 0.1 1
285 0 0.58 0.1 1
286 0 0.6 0.1 1
287 0 0.62 0.1 1
288 0 0.64 0.1 1
289 0 0.66 0.1 1
290 0 0.68 0.1 1
291 0 0.7 0.1 1
292 0 0.72 0.1 1
293 0 0.74 0.1 1
294 0 0.76 0.1 1
295 0 0.78 0.1 1
296 0 0.8 0.1 1
297 0 0.82 0.1 1
298 0 0.84 0.1 1
299 0 0.86 0.1 1
300 0 0.88 0.1 1
301 0 0.9 0.1 1
302 0 0.92 0.1 1
303 0 0.94 0.1 1
304 0 0.96 0.1 1
305 0 0.98 0.1 1
306 0 1 0.1 1
307 0 0 0.12 1
308 0 0.02 0.12 1
309 0 0.04 0.12 1
310 0 0.06 0.12 1
311 0 0.08 0.12 1
312 0 0.1 0.12 0.875
313 0 0.12 0.12 0.75
314 0 0.14 0.12 0.75
315 0 0.16 0.12 0.75
316 0 0.18 0.12 0.75
317 0 0.2 0.12 0.75
318 0 0.22 0.12 0.75
319 0 0.24 0.12 0.75
320 0 0.26 0.12 0.75
321 0 0.28 0.12 0.75
322 0 0.3 0.12 0.75
323 0 0.32 0.12 0.75
324 0 0.34 0.12 0.875
325 0 0.36 0.12 1
326 0 0.38 0.12 1
327 0 0.4 0.12 1
328 0 0.42 0.12 1
329 0 0.44 0.12 1
330 0 0.46 0.12 1
331 0 0.48 0.12 1
332 0 0.5 0.12 1
333 0 0.52 0.12 1
334 0 0.54 0.12 1
335 0 0.56 0.12 1
336 0 0.58 0.12 1
337 0 0.6 0.12 1
338 0 0.62 0.12 1
339 0 0.64 0.12 1
340 0 0.66 0.12 1
341 0 0.68 0.12 1
342 0 0.7 0.12 1
343 0 0.72 0.12 1
344 0 0.74 0.12 1
345 0 0.76 0.12 1
346 0 0.78 0.12 1
347 0 0.8 0.12 1
348 0 0.82 0.12 1
349 0 0.84 0.12 1
350 0 0.86 0.12 1
351 0 0.88 0.12 1
352 0 0.9 0.12 1
353 0 0.92 0.12 1
354 0 0.94 0.12 1
355 0 0.96 0.12 1
356 0 0.98 0.12 1
357 0 1 0.12 1
358 0 0 0.14 1
359 0 0.02 0.14 1
360 0 0.04 0.14 1
361 0 0.06 0.14 1
362 0 0.08 0.14 1
363 0 0.1 0.14 0.75
364 0 0.12 0.14 0.5
365 0 0.14 0.14 0.5
366 0 0.16 0.14 0.5
367 0 0.18 0.14 0.5
368 0 0.2 0.14 0.5
369 0 0.22 0.14 0.5
370 0 0.24 0.14 0.5
371 0 0.26 0.14 0.5
372 0 0.28 0.14 0.5
373 0 0.3 0.14 0.5
374 0 0.32 0.14 0.5
375 0 0.34 0.14 0.75
376 0 0.36 0.14 1
377 0 0.38 0.14 1
378 0 0.4 0.14 1
379 0 0.42 0.14 1
380 0 0.44 0.14 1
381 0 0.46 0.14 1
382 0 0.48 0.14 1
383 0 0.5 0.14 1
384 0 0.52 0.14 1
385 0 0.54 0.14 1
386 0 0.56 0.14 1
387 0 0.58 0.14 1
388 0 0.6 0.14 1
389 0 0.62 0.14 1
390 0 0.64 0.14 1
391 0 0.66 0.14 1
392 0 0.68 0.14 1
393 0 0.7 0.14 1
394 0 0.72 0.14 1
395 0 0.74 0.14 1
396 0 0.76 0.14 1
397 0 0.78 0.14 1
398 0 0.8 0.14 1
399 0 0.82 0.14 1
400 0 0.84 0.14 1
401 0 0.86 0.14 1
402 0 0.88 0.14 1
403 0 0.9 0.14 1
404 0 0.92 0.14 1
405 0 0.94 0.14 1
406 0 0.96 0.14 1
407 0 0.98 0.14 1
408 0 1 0.14 1
409 0 0 0.16 1
410 0 0.02 0.16 1
411 0 0.04 0.16 1
412 0 0.06 0.16 1
413 0 0.08 0.16 1
414 0 0.1 0.16 0.75
415 0 0.12 0.16 0.5
416 0 0.14 0.16 0.5
417 0 0.16 0.16 0.5
418 0 0.18 0.16 0.5
419 0 0.2 0.16 0.5
420 0 0.22 0.16 0.5
421 0 0.24 0.16 0.5
422 0 0.26 0.16 0.5
423 0 0.28 0.16 0.5
424 0 0.3 0.16 0.5
425 0 0.32 0.16 0.5
426 0 0.34 0.16 0.75
427 0 0.36 0.16 1
428 0 0.38 0.16 1
429 0 0.4 0.16 1
430 0 0.42 0.16 1
431 0 0.44 0.16 1
432 0 0.46 0.16 1
433 0 0.48 0.16 1
434 0 0.5 0.16 1
435 0 0.52 0.16 1
436 0 0.54 0.16 1
437 0 0.56 0.16 1
438 0 0.58 0.16 1
439 0 0.6 0.16 1
440 0 0.62 0.16 1
441 0 0.64 0.16 1
442 0 0.66 0.16 1
443 0 0.68 0.16 1
444 0 0.7 0.16 1
445 0 0.72 0.16 1
446 0 0.74 0.16 1
447 0 0.76 0.16 1
448 0 0.78 0.16 1
449 0 0.8 0.16 1
450 0 0.82 0.16 1
451 0 0.84 0.16 1
452 0 0.86 0.16 1
453 0 0.88 0.16 1
454 0 0.9 0.16 1
455 0 0.92 0.16 1
456 0 0.94 0.16 1
457 0 0.96 0.16 1
458 0 0.98 0.16 1
459 0 1 0.16 1
460 0 0 0.18 1
461 0 0.02 0.18 1
462 0 0.04 0.18 1
463 0 0.06 0.18 1
464 0 0.08 0.18 1
465 0 0.1 0.18 0.75
466 0 0.12 0.18 0.5
467 0 0.14 0.18 0.5
468 0 0.16 0.18 0.5
469 0 0.18 0.18 0.5
470 0 0.2 0.18 0.5
471 0 0.22 0.18 0.5
472 0 0.24 0.18 0.5
473 0 0.26 0.18 0.5
474 0 0.28 0.18 0.5
475 0 0.3 0.18 0.5
476 0 0.32 0.18 0.5
477 0 0.34 0.18 0.75
478 0 0.36 0.18 1
479 0 0.38 0.18 1
480 0 0.4 0.18 1
481 0 0.42 0.18 1
482 0 0.44 0.18 1
483 0 0.46 0.18 1
484 0 0.48 0.18 1
485 0 0.5 0.18 0.875
486 0 0.52 0.18 0.75
487 0 0.54 0.18 0.75
488 0 0.56 0.18 0.75
489 0 0.58 0.18 0.75
490 0 0.6 0.18 0.75
491 0 0.62 0.18 0.75
492 0 0.64 0.18 0.75
493 0 0.66 0.18 0.75
494 0 0.68 0.18 0.75
495 0 0.7 0.18 0.75
496 0 0.72 0.18 0.75
497 0 0.74 0.18 0.75
498 0 0.76 0.18 0.75
499 0 0.78 0.18 0.75
500 0 0.8 0.18 0.75
501 0 0.82 0.18 0.75
502 0 0.84 0.18 0.75
503 0 0.86 0.18 0.75
504 0 0.88 0.18 0.75
505 0 0.9 0.18 0.75
506 0 0.92 0.18 0.875
507 0 0.94 0.18 1
508 0 0.96 0.18 1
509 0 0.98 0.18 1
510 0 1 0.18 1
511 0 0 0.2 1
512 0 0.02 0.2 1
513 0 0.04 0.2 1
514 0 0.06 0.2 1
515 0 0.08 0.2 1
516 0 0.1 0.2 0.75
517 0 0.12 0.2 0.5
518 0 0.14 0.2 0.5
519 0 0.16 0.2 0.5
520 0 0.18 0.2 0.5
521 0 0.2 0.2 0.5
522 0 0.22 0.2 0.5
523 0 0.24 0.2 0.5
524 0 0.26 0.2 0.5
525 0 0.28 0.2 0.5
526 0 0.3 0.2 0.5
527 0 0.32 0.2 0.5
528 0 0.34 0.2 0.75
529 0 0.36 0.2 1
530 0 0.38 0.2 1
531 0 0.4 0.2 1
532 0 0.42 0.2 1
533 0 0.44 0.2 1
534 0 0.46 0.2 1
535 0 0.48 0.2 1
536 0 0.5 0.2 0.75
537 0 0.52 0.2 0.5
538 0 0.54 0.2 0.5
539 0 0.56 0.2 0.5
540 0 0.58 0.2 0.5
541 0 0.6 0.2 0.5
542 0 0.62 0.2 0.5
543 0 0.64 0.2 0.5
544 0 0.66 0.2 0.5
545 0 0.68 0.2 0.5
546 0 0.7 0.2 0.5
547 0 0.72 0.2 0.5
548 0 0.74 0.2 0.5
549 0 0.76 0.2 0.5
550 0 0.78 0.2 0.5
551 0 0.8 0.2 0.5
552 0 0.82 0.2 0.5
553 0 0.84 0.2 0.5
554 0 0.86 0.2 0.5
555 0 0.88 0.2 0.5
556 0 0.9 0.2 0.5
557 0 0.92 0.2 0.75
558 0 0.94 0.2 1
559 0 0.96 0.2 1
560 0 0.98 0.2 1
561 0 1 0.2 1
562 0 0 0.22 1
563 0 0.02 0.22 1
564 0 0.04 0.22 1
565 0 0.06 0.22 1
566 0 0.08 0.22 1
567 0 0.1 0.22 0.75
568 0 0.12 0.22 0.5
569 0 0.14 0.22 0.5
570 0 0.16 0.22 0.5
571 0 0.18 0.22 0.5
572 0 0.2 0.22 0.5
573 0 0.22 0.22 0.5
574 0 0.24 0.22 0.5
575 0 0.26 0.22 0.5
576 0 0.28 0.22 0.5
577 0 0.3 0.22 0.5
578 0 0.32 0.22 0.5
579 0 0.34 0.22 0.75
580 0 0.36 0.22 1
581 0 0.38 0.22 1
582 0 0.4 0.22 1
583 0 0.42 0.22 1
584 0 0.44 0.22 1
585 0 0.46 0.22 1
586 0 0.48 0.22 1
587 0 0.5 0.22 0.75
588 0 0.52 0.22 0.5
589 0 0.54 0.22 0.5
590 0 0.56 0.22 0.5
591 0 0.58 0.22 0.5
592 0 0.6 0.22 0.5
593 0 0.62 0.22 0.5
594 0 0.64 0.22 0.5
595 0 0.66 0.22 0.5
596 0 0.68 0.22 0.5
597 0 0.7 0.22 0.5
598 0 0.72 0.22 0.5
599 0 0.74 0.22 0.5
600 0 0.76 0.22 0.5
601 0 0.78 0.22 0.5
602 0 0.8 0.22 0.5
603 0 0.82 0.22 0.5
604 0 0.84 0.22 0.5
605 0 0.86 0.22 0.5
606 0 0.88 0.22 0.5
607 0 0.9 0.22 0.5
608 0 0.92 0.22 0.75
609 0 0.94 0.22 1
610 0 0.96 0.22 1
611 0 0.98 0.22 1
612 0 1 0.22 1
613 0 0 0.24 1
614 0 0.02 0.24 1
615 0 0.04 0.24 1
616 0 0.06 0.24 1
617 0 0.08 0.24 1
618 0 0.1 0.24 0.75
619 0 0.12 0.24 0.5
620 0 0.14 0.24 0.5
621 0 0.16 0.24 0.5
622 0 0.18 0.24 0.5
623 0 0.2 0.24 0.5
624 0 0.22 0.24 0.5
625 0 0.24 0.24 0.5
626 0 0.26 0.24 0.5
627 0 0.28 0.24 0.5
628 0 0.3 0.24 0.5
629 0 0.32 0.24 0.5
630 0 0.34 0.24 0.75
631 0 0.36 0.24 1
632 0 0.38 0.24 1
633 0 0.4 0.24 1
634 0 0.42 0.24 1
635 0 0.44 0.24 1
636 0 0.46 0.24 1
637 0 0.48 0.24 1
638 0 0.5 0.24 0.75
639 0 0.52 0.24 0.5
640 0 0.54 0.24 0.5
641 0 0.56 0.24 0.5
642 0 0.58 0.24 0.5
643 0 0.6 0.24 0.5
644 0 0.62 0.24 0.5
645 0 0.64 0.24 0.5
646 0 0.66 0.24 0.5
647 0 0.68 0.24 0.5
648 0 0.7 0.24 0.5
649 0 0.72 0.24 0.5
650 0 0.74 0.24 0.5
651 0 0.76 0.24 0.5
652 0 0.78 0.24 0.5
653 0 0.8 0.24 0.5
654 0 0.82 0.24 0.5
655 0 0.84 0.24 0.5
656 0 0.86 0.24 0.5
657 0 0.88 0.24 0.5
658 0 0.9 0.24 0.5
659 0 0.92 0.24 0.75
660 0 0.94 0.24 1
661 0 0.96 0.24 1
662 0 0.98 0.24 1
663 0 1 0.24 1
664 0 0 0.26 1
665 0 0.02 0.26 1
666 0 0.04 0.26 1
667 0 0.06 0.26 1
668 0 0.08 0.26 1
669 0 0.1 0.26 0.75
670 0 0.12 0.26 0.5
671 0 0.14 0.26 0.5
672 0 0.16 0.26 0.5
673 0 0.18 0.26 0.5
674 0 0.2 0.26 0.5
675 0 0.22 0.26 0.5
676 0 0.24 0.26 0.5
677 0 0.26 0.26 0.5
678 0 0.28 0.26 0.5
679 0 0.3 0.26 0.5
680 0 0.32 0.26 0.5
681 0 0.34 0.26 0.75
682 0 0.36 0.26 1
683 0 0.38 0.26 1
684 0 0.4 0.26 1
685 0 0.42 0.26 1
686 0 0.44 0.26 1
687 0 0.46 0.26 1
688 0 0.48 0.26 1
689 0 0.5 0.26 0.75
690 0 0.52 0.26 0.5
691 0 0.54 0.26 0.5
692 0 0.56 0.26 0.5
693 0 0.58 0.26 0.5
694 0 0.6 0.26 0.5
695 0 0.62 0.26 0.5
696 0 0.64 0.26 0.5
697 0 0.66 0.26 0.5
698 0 0.68 0.26 0.5
699 0 0.7 0.26 0.5
700 0 0.72 0.26 0.5
701 0 0.74 0.26 0.5
702 0 0.76 0.26 0.5
703 0 0.78 0.26 0.5
704 0 0.8 0.26 0.5
705 0 0.82 0.26 0.5
706 0 0.84 0.26 0.5
707 0 0.86 0.26 0.5
708 0 0.88 0.26 0.5
709 0 0.9 0.26 0.5
710 0 0.92 0.26 0.75
711 0 0.94 0.26 1
712 0 0.96 0.26 1
713 0 0.98 0.26 1
714 0 1 0.26 1
715 0 0 0.28 1
716 0 0.02 0.28 1
717 0 0.04 0.28 1
718 0 0.06 0.28 1
719 0 0.08 0.28 1
720 0 0.1 0.28 0.75
721 0 0.12 0.28 0.5
722 0 0.14 0.28 0.5
723 0 0.16 0.28 0.5
724 0 0.18 0.28 0.5
725 0 0.2 0.28 0.5
726 0 0.22 0.28 0.5
727 0 0.24 0.28 0.5
728 0 0.26 0.28 0.5
729 0 0.28 0.28 0.5
730 0 0.3 0.28 0.5
731 0 0.32 0.28 0.5
732 0 0.34 0.28 0.75
733 0 0.36 0.28 1
734 0 0.38 0.28 1
735 0 0.4 0.28 1
736 0 0.42 0.28 1
737 0 0.44 0.28 1
738 0 0.46 0.28 1
739 0 0.48 0.28 1
740 0 0.5 0.28 0.75
741 0 0.52 0.28 0.5
742 0 0.54 0.28 0.5
743 0 0.56 0.28 0.5
744 0 0.58 0.28 0.5
745 0 0.6 0.28 0.5
746 0 0.62 0.28 0.5
747 0 0.64 0.28 0.5
748 0 0.66 0.28 0.5
749 0 0.68 0.28 0.5
750 0 0.7 0.28 0.5
751 0 0.72 0.28 0.5
752 0 0.74 0.28 0.5
753 0 0.76 0.28 0.5
754 0 0.78 0.28 0.5
755 0 0.8 0.28 0.5
756 0 0.82 0.28 0.5
757 0 0.84 0.28 0.5
758 0 0.86 0.28 0.5
759 0 0.88 0.28 0.5
760 0 0.9 0.28 0.5
761 0 0.92 0.28 0.75
762 0 0.94 0.28 1
763 0 0.96 0.28 1
764 0 0.98 0.28 1
765 0 1 0.28 1
766 0 0 0.3 1
767 0 0.02 0.3 1
768 0 0.04 0.3 1
769 0 0.06 0.3 1
770 0 0.08 0.3 1
771 0 0.1 0.3 0.75
772 0 0.12 0.3 0.5
773 0 0.14 0.3 0.5
774 0 0.16 0.3 0.5
775 0 0.18 0.3 0.5
776 0 0.2 0.3 0.5
777 0 0.22 0.3 0.5
778 0 0.24 0.3 0.5
779 0 0.26 0.3 0.5
780 0 0.28 0.3 0.5
781 0 0.3 0.3 0.5
782 0 0.32 0.3 0.5
783 0 0.34 0.3 0.75
784 0 0.36 0.3 1
785 0 0.38 0.3 1
786 0 0.4 0.3 1
787 0 0.42 0.3 1
788 0 0.44 0.3 1
789 0 0.46 0.3 1
790 0 0.48 0.3 1
791 0 0.5 0.3 0.75
792 0 0.52 0.3 0.5
793 0 0.54 0.3 0.5
794 0 0.56 0.3 0.5
795 0 0.58 0.3 0.5
796 0 0.6 0.3 0.5
797 0 0.62 0.3 0.5
798 0 0.64 0.3 0.5
799 0 0.66 0.3 0.5
800 0 0.68 0.3 0.5
801 0 0.7 0.3 0.5
802 0 0.72 0.3 0.5
803 0 0.74 0.3 0.5
804 0 0.76 0.3 0.5
805 0 0.78 0.3 0.5
806 0 0.8 0.3 0.5
807 0 0.82 0.3 0.5
808 0 0.84 0.3 0.5
809 0 0.86 0.3 0.5
810 0 0.88 0.3 0.5
811 0 0.9 0.3 0.5
812 0 0.92 0.3 0.75
813 0 0.94 0.3 1
814 0 0.96 0.3 1
815 0 0.98 0.3 1
816 0 1 0.3 1
817 0 0 0.32 1
818 0 0.02 0.32 1
819 0 0.04 0.32 1
820 0 0.06 0.32 1
821 0 0.08 0.32 1
822 0 0.1 0.32 0.75
823 0 0.12 0.32 0.5
824 0 0.14 0.32 0.5
825 0 0.16 0.32 0.5
826 0 0.18 0.32 0.5
827 0 0.2 0.32 0.5
828 0 0.22 0.32 0.5
829 0 0.24 0.32 0.5
830 0 0.26 0.32 0.5
831 0 0.28 0.32 0.5
832 0 0.3 0.32 0.5
833 0 0.32 0.32 0.5
834 0 0.34 0.32 0.75
835 0 0.36 0.32 1
836 0 0.38 0.32 1
837 0 0.4 0.32 1
838 0 0.42 0.32 1
839 0 0.44 0.32 1
840 0 0.46 0.32 1
841 0 0.48 0.32 1
842 0 0.5 0.32 0.75
843 0 0.52 0.32 0.5
844 0 0.54 0.32 0.5
845 0 0.56 0.32 0.5
846 0 0.58 0.32 0.5
847 0 0.6 0.32 0.5
848 0 0.62 0.32 0.5
849 0 0.64 0.32 0.5
850 0 0.66 0.32 0.5
851 0 0.68 0.32 0.5
852 0 0.7 0.32 0.5
853 0 0.72 0.32 0.5
854 0 0.74 0.32 0.5
855 0 0.76 0.32 0.5
856 0 0.78 0.32 0.5
857 0 0.8 0.32 0.5
858 0 0.82 0.32 0.5
859 0 0.84 0.32 0.5
860 0 0.86 0.32 0.5
861 0 0.88 0.32 0.5
862 0 0.9 0.32 0.5
863 0 0.92 0.32 0.75
864 0 0.94 0.32 1
865 0 0.96 0.32 1
866 0 0.98 0.32 1
867 0 1 0.32 1
868 0 0 0.34 1
869 0 0.02 0.34 1
870 0 0.04 0.34 1
871 0 0.06 0.34 1
872 0 0.08 0.34 1
873 0 0.1 0.34 0.75
874 0 0.12 0.34 0.5
875 0 0.14 0.34 0.5
876 0 0.16 0.34 0.5
877 0 0.18 0.34 0.5
878 0 0.2 0.34 0.5
879 0 0.22 0.34 0.5
880 0 0.24 0.34 0.5
881 0 0.26 0.34 0.5
882 0 0.28 0.34 0.5
883 0 0.3 0.34 0.5
884 0 0.32 0.34 0.5
885 0 0.34 0.34 0.75
886 0 0.36 0.34 1
887 0 0.38 0.34 1
888 0 0.4 0.34 1
889 0 0.42 0.34 1
890 0 0.44 0.34 1
891 0 0.46 0.34 1
892 0 0.48 0.34 1
893 0 0.5 0.34 0.75
894 0 0.52 0.34 0.5
895 0 0.54 0.34 0.5
896 0 0.56 0.34 0.5
897 0 0.58 0.34 0.5
898 0 0.6 0.34 0.5
899 0 0.62 0.34 0.5
900 0 0.64 0.34 0.5
901 0 0.66 0.34 0.5
902 0 0.68 0.34 0.5
903 0 0.7 0.34 0.5
904 0 0.72 0.34 0.5
905 0 0.74 0.34 0.5
906 0 0.76 0.34 0.5
907 0 0.78 0.34 0.5
908 0 0.8 0.34 0.5
909 0 0.82 0.34 0.5
910 0 0.84 0.34 0.5
911 0 0.86 0.34 0.5
912 0 0.88 0.34 0.5
913 0 0.9 0.34 0.5
914 0 0.92 0.34 0.75
915 0 0.94 0.34 1
916 0 0.96 0.34 1
917 0 0.98 0.34 1
918 0 1 0.34 1
919 0 0 0.36 1
920 0 0.02 0.36 1
921 0 0.04 0.36 1
922 0 0.06 0.36 1
923 0 0.08 0.36 1
924 0 0.1 0.36 0.75
925 0 0.12 0.36 0.5
926 0 0.14 0.36 0.5
927 0 0.16 0.36 0.5
928 0 0.18 0.36 0.5
929 0 0.2 0.36 0.5
930 0 0.22 0.36 0.5
931 0 0.24 0.36 0.5
932 0 0.26 0.36 0.5
933 0 0.28 0.36 0.5
934 0 0.3 0.36 0.5
935 0 0.32 0.36 0.5
936 0 0.34 0.36 0.75
937 0 0.36 0.36 1
938 0 0.38 0.36 1
939 0 0.4 0.36 1
940 0 0.42 0.36 1
941 0 0.44 0.36 1
942 0 0.46 0.36 1
943 0 0.48 0.36 1
944 0 0.5 0.36 0.75
945 0 0.52 0.36 0.5
946 0 0.54 0.36 0.5
947 0 0.56 0.36 0.5
948 0 0.58 0.36 0.5
949 0 0.6 0.36 0.5
950 0 0.62 0.36 0.5
951 0 0.64 0.36 0.5
952 0 0.66 0.36 0.5
953 0 0.68 0.36 0.5
954 0 0.7 0.36 0.5
955 0 0.72 0.36 0.5
956 0 0.74 0.36 0.5
957 0 0.76 0.36 0.5
958 0 0.78 0.36 0.5
959 0 0.8 0.36 0.5
960 0 0.82 0.36 0.5
961 0 0.84 0.36 0.5
962 0 0.86 0.36 0.5
963 0 0.88 0.36 0.5
964 0 0.9 0.36 0.5
965 0 0.92 0.36 0.75
966 0 0.94 0.36 1
967 0 0.96 0.36 1
968 0 0.98 0.36 1
969 0 1 0.36 1
970 0 0 0.38 1
971 0 0.02 0.38 1
972 0 0.04 0.38 1
973 0 0.06 0.38 1
974 0 0.08 0.38 1
975 0 0.1 0.38 0.75
976 0 0.12 0.38 0.5
977 0 0.14 0.38 0.5
978 0 0.16 0.38 0.5
979 0 0.18 0.38 0.5
980 0 0.2 0.38 0.5
981 0 0.22 0.38 0.5
982 0 0.24 0.38 0.5
983 0 0.26 0.38 0.5
984 0 0.28 0.38 0.5
985 0 0.3 0.38 0.5
986 0 0.32 0.38 0.5
987 0 0.34 0.38 0.75
988 0 0.36 0.38 1
989 0 0.38 0.38 1
990 0 0.4 0.38 1
991 0 0.42 0.38 1
992 0 0.44 0.38 1
993 0 0.46 0.38 1
994 0 0.48 0.38 1
995 0 0.5 0.38 0.75
996 0 0.52 0.38 0.5
997 0 0.54 0.38 0.5
998 0 0.56 0.38 0.5
999 0 0.58 0.38 0.5
1000 0 0.6 0.38 0.5
1001 0 0.62 0.38 0.5
1002 0 0.64 0.38 0.5
1003 0 0.66 0.38 0.5
1004 0 0.68 0.38 0.5
1005 0 0.7 0.38 0.5
1006 0 0.72 0.38 0.5
1007 0 0.74 0.38 0.5
1008 0 0.76 0.38 0.5
1009 0 0.78 0.38 0.5
1010 0 0.8 0.38 0.5
1011 0 0.82 0.38 0.5
1012 0 0.84 0.38 0.5
1013 0 0.86 0.38 0.5
1014 0 0.88 0.38 0.5
1015 0 0.9 0.38 0.5
1016 0 0.92 0.38 0.75
1017 0 0.94 0.38 1
1018 0 0.96 0.38 1
1019 0 0.98 0.38 1
1020 0 1 0.38 1
1021 0 0 0.4 1
1022 0 0.02 0.4 1
1023 0 0.04 0.4 1
1024 0 0.06 0.4 1
1025 0 0.08 0.4 1
1026 0 0.1 0.4 0.75
1027 0 0.12 0.4 0.5
1028 0 0.14 0.4 0.5
1029 0 0.16 0.4 0.5
1030 0 0.18 0.4 0.5
1031 0 0.2 0.4 0.5
1032 0 0.22 0.4 0.5
1033 0 0.24 0.4 0.5
1034 0 0.26 0.4 0.5
1035 0 0.28 0.4 0.5
1036 0 0.3 0.4 0.5
1037 0 0.32 0.4 0.5
1038 0 0.34 0.4 0.75
1039 0 0.36 0.4 1
1040 0 0.38 0.4 1
1041 0 0.4 0.4 1
1042 0 0.42 0.4 1
1043 0 0.44 0.4 1
1044 0 0.46 0.4 1
1045 0 0.48 0.4 1
1046 0 0.5 0.4 0.75
1047 0 0.52 0.4 0.5
1048 0 0.54 0.4 0.5
1049 0 0.56 0.4 0.5
1050 0 0.58 0.4 0.5
1051 0 0.6 0.4 0.5
1052 0 0.62 0.4 0.5
1053 0 0.64 0.4 0.5
1054 0 0.66 0.4 0.5
1055 0 0.68 0.4 0.5
1056 0 0.7 0.4 0.5
1057 0 0.72 0.4 0.5
1058 0 0.74 0.4 0.5
1059 0 0.76 0.4 0.5
1060 0 0.78 0.4 0.5
1061 0 0.8 0.4 0.5
1062 0 0.82 0.4 0.5
1063 0 0.84 0.4 0.5
1064 0 0.86 0.4 0.5
1065 0 0.88 0.4 0.5
1066 0 0.9 0.4 0.5
1067 0 0.92 0.4 0.75
1068 0 0.94 0.4 1
1069 0 0.96 0.4 1
1070 0 0.98 0.4 1
1071 0 1 0.4 1
1072 0 0 0.42 1
1073 0 0.02 0.42 1
1074 0 0.04 0.42 1
1075 0 0.06 0.42 1
1076 0 0.08 0.42 1
1077 0 0.1 0.42 0.75
1078 0 0.12 0.42 0.5
1079 0 0.14 0.42 0.5
1080 0 0.16 0.42 0.5
1081 0 0.18 0.42 0.5
1082 0 0.2 0.42 0.5
1083 0 0.22 0.42 0.5
1084 0 0.24 0.42 0.5
1085 0 0.26 0.42 0.5
1086 0 0.28 0.42 0.5
1087 0 0.3 0.42 0.5
1088 0 0.32 0.42 0.5
1089 0 0.34 0.42 0.75
1090 0 0.36 0.42 1
1091 0 0.38 0.42 1
1092 0 0.4 0.42 1
1093 0 0.42 0.42 1
1094 0 0.44 0.42 1
1095 0 0.46 0.42 1
1096 0 0.48 0.42 1
1097 0 0.5 0.42 0.875
1098 0 0.52 0.42 0.75
1099 0 0.54 0.42 0.75
1100 0 0.56 0.42 0.75
1101 0 0.58 0.42 0.75
1102 0 0.6 0.42 0.75
1103 0 0.62 0.42 0.75
1104 0 0.64 0.42 0.75
1105 0 0.66 0.42 0.75
1106 0 0.68 0.42 0.75
1107 0 0.7 0.42 0.75
1108 0 0.72 0.42 0.75
1109 0 0.74 0.42 0.75
1110 0 0.76 0.42 0.75
1111 0 0.78 0.42 0.75
1112 0 0.8 0.42 0.75
1113 0 0.82 0.42 0.75
1114 0 0.84 0.42 0.75
1115 0 0.86 0.42 0.75
1116 0 0.88 0.42 0.75
1117 0 0.9 0.42 0.75
1118 0 0.92 0.42 0.875
1119 0 0.94 0.42 1
1120 0 0.96 0.42 1
1121 0 0.98 0.42 1
1122 0 1 0.42 1
1123 0 0 0.44 1
1124 0 0.02 0.44 1
1125 0 0.04 0.44 1
1126 0 0.06 0.44 1
1127 0 0.08 0.44 1
1128 0 0.1 0.44 0.875
1129 0 0.12 0.44 0.75
1130 0 0.14 0.44 0.75
1131 0 0.16 0.44 0.75
1132 0 0.18 0.44 0.75
1133 0 0.2 0.44 0.75
1134 0 0.22 0.44 0.75
1135 0 0.24 0.44 0.75
1136 0 0.26 0.44 0.75
1137 0 0.28 0.44 0.75
1138 0 0.3 0.44 0.75
1139 0 0.32 0.44 0.75
1140 0 0.34 0.44 0.875
1141 0 0.36 0.44 1
1142 0 0.38 0.44 1
1143 0 0.4 0.44 1
1144 0 0.42 0.44 1
1145 0 0.44 0.44 1
1146 0 0.46 0.44 1
1147 0 0.48 0.44 1
1148 0 0.5 0.44 1
1149 0 0.52 0.44 1
1150 0 0.54 0.44 1
1151 0 0.56 0.44 1
1152 0 0.58 0.44 1
1153 0 0.6 0.44 1
1154 0 0.62 0.44 1
1155 0 0.64 0.44 1
1156 0 0.66 0.44 1
1157 0 0.68 0.44 1
1158 0 0.7 0.44 1
1159 0 0.72 0.44 1
1160 0 0.74 0.44 1
1161 0 0.76 0.44 1
1162 0 0.78 0.44 1
1163 0 0.8 0.44 1
1164 0 0.82 0.44 1
1165 0 0.84 0.44 1
1166 0 0.86 0.44 1
1167 0 0.88 0.44 1
1168 0 0.9 0.44 1
1169 0 0.92 0.44 1
1170 0 0.94 0.44 1
1171 0 0.96 0.44 1
1172 0 0.98 0.44 1
1173 0 1 0.44 1
1174 0 0 0.46 1
1175 0 0.02 0.46 1
1176 0 0.04 0.46 1
1177 0 0.06 0.46 1
1178 0 0.08 0.46 1
1179 0 0.1 0.46 1
1180 0 0.12 0.46 1
1181 0 0.14 0.46 1
1182 0 0.16 0.46 1
1183 0 0.18 0.46 1
1184 0 0.2 0.46 1
1185 0 0.22 0.46 1
1186 0 0.24 0.46 1
1187 0 0.26 0.46 1
1188 0 0.28 0.46 1
1189 0 0.3 0.46 1
1190 0 0.32 0.46 1
1191 0 0.34 0.46 1
1192 0 0.36 0.46 1
1193 0 0.38 0.46 1
1194 0 0.4 0.46 1
1195 0 0.42 0.46 1
1196 0 0.44 0.46 1
1197 0 0.46 0.46 1
1198 0 0.48 0.46 1
1199 0 0.5 0.46 1
1200 0 0.52 0.46 1
1201 0 0.54 0.46 1
1202 0 0.56 0.46 1
1203 0 0.58 0.46 1
1204 0 0.6 0.46 1
1205 0 0.62 0.46 1
1206 0 0.64 0.46 1
1207 0 0.66 0.46 1
1208 0 0.68 0.46 1
1209 0 0.7 0.46 1
1210 0 0.72 0.46 1
1211 0 0.74 0.46 1
1212 0 0.76 0.46 1
1213 0 0.78 0.46 1
1214 0 0.8 0.46 1
1215 0 0.82 0.46 1
1216 0 0.84 0.46 1
1217 0 0.86 0.46 1
1218 0 0.88 0.46 1
1219 0 0.9 0.46 1
1220 0 0.92 0.46 1
1221 0 0.94 0.46 1
1222 0 0.96 0.46 1
1223 0 0.98 0.46 1
1224 0 1 0.46 1
1225 0 0 0.48 1
1226 0 0.02 0.48 1
1227 0 0.04 0.48 1
1228 0 0.06 0.48 1
1229 0 0.08 0.48 1
1230 0 0.1 0.48 1
1231 0 0.12 0.48 1
1232 0 0.14 0.48 1
1233 0 0.16 0.48 1
1234 0 0.18 0.48 1
1235 0 0.2 0.48 1
1236 0 0.22 0.48 1
1237 0 0.24 0.48 1
1238 0 0.26 0.48 1
1239 0 0.28 0.48 1
1240 0 0.3 0.48 1
1241 0 0.32 0.48 1
1242 0 0.34 0.48 1
1243 0 0.36 0.48 1
1244 0 0.38 0.48 1
1245 0 0.4 0.48 1
1246 0 0.42 0.48 1
1247 0 0.44 0.48 1
1248 0 0.46 0.48 1
1249 0 0.48 0.48 1
1250 0 0.5 0.48 1
1251 0 0.52 0.48 1
1252 0 0.54 0.48 1
1253 0 0.56 0.48 1
1254 0 0.58 0.48 1
1255 0 0.6 0.48 1
1256 0 0.62 0.48 1
1257 0 0.64 0.48 1
1258 0 0.66 0.48 1
1259 0 0.68 0.48 1
1260 0 0.7 0.48 1
1261 0 0.72 0.48 1
1262 0 0.74 0.48 1
1263 0 0.76 0.48 1
1264 0 0.78 0.48 1
1265 0 0.8 0.48 1
1266 0 0.82 0.48 1
1267 0 0.84 0.48 1
1268 0 0.86 0.48 1
1269 0 0.88 0.48 1
1270 0 0.9 0.48 1
1271 0 0.92 0.48 1
1272 0 0.94 0.48 1
1273 0 0.96 0.48 1
1274 0 0.98 0.48 1
1275 0 1 0.48 1
1276 0 0 0.5 1
1277 0 0.02 0.5 1
1278 0 0.04 0.5 1
1279 0 0.06 0.5 1
1280 0 0.08 0.5 1
1281 0 0.1 0.5 1
1282 0 0.12 0.5 1
1283 0 0.14 0.5 1
1284 0 0.16 0.5 1
1285 0 0.18 0.5 1
1286 0 0.2 0.5 1
1287 0 0.22 0.5 1
1288 0 0.24 0.5 1
1289 0 0.26 0.5 1
1290 0 0.28 0.5 1
1291 0 0.3 0.5 1
1292 0 0.32 0.5 1
1293 0 0.34 0.5 1
1294 0 0.36 0.5 1
1295 0 0.38 0.5 1
1296 0 0.4 0.5 1
1297 0 0.42 0.5 1
1298 0 0.44 0.5 1
1299 0 0.46 0.5 1
1300 0 0.48 0.5 1
1301 0 0.5 0.5 1
1302 0 0.52 0.5 1
1303 0 0.54 0.5 1
1304 0 0.56 0.5 1
1305 0 0.58 0.5 1
1306 0 0.6 0.5 1
1307 0 0.62 0.5 1
1308 0 0.64 0.5 1
1309 0 0.66 0.5 1
1310 0 0.68 0.5 1
1311 0 0.7 0.5 1
1312 0 0.72 0.5 1
1313 0 0.74 0.5 1
1314 0 0.76 0.5 1
1315 0 0.78 0.5 1
1316 0 0.8 0.5 1
1317 0 0.82 0.5 1
1318 0 0.84 0.5 1
1319 0 0.86 0.5 1
1320 0 0.88 0.5 1
1321 0 0.9 0.5 1
1322 0 0.92 0.5 1
1323 0 0.94 0.5 1
1324 0 0.96 0.5 1
1325 0 0.98 0.5 1
1326 0 1 0.5 1
1327 0 0 0.52 1
1328 0 0.02 0.52 1
1329 0 0.04 0.52 1
1330 0 0.06 0.52 1
1331 0 0.08 0.52 1
1332 0 0.1 0.52 1
1333 0 0.12 0.52 1
1334 0 0.14 0.52 1
1335 0 0.16 0.52 1
1336 0 0.18 0.52 1
1337 0 0.2 0.52 1
1338 0 0.22 0.52 1
1339 0 0.24 0.52 1
1340 0 0.26 0.52 1
1341 0 0.28 0.52 1
1342 0 0.3 0.52 1
1343 0 0.32 0.52 1
1344 0 0.34 0.52 1
1345 0 0.36 0.52 1
1346 0 0.38 0.52 1
1347 0 0.4 0.52 1
1348 0 0.42 0.52 0.875
1349 0 0.44 0.52 0.75
1350 0 0.46 0.52 0.75
1351 0 0.48 0.52 0.75
1352 0 0.5 0.52 0.75
1353 0 0.52 0.52 0.75
1354 0 0.54 0.52 0.75
1355 0 0.56 0.52 0.75
1356 0 0.58 0.52 0.75
1357 0 0.6 0.52 0.75
1358 0 0.62 0.52 0.75
1359 0 0.64 0.52 0.75
1360 0 0.66 0.52 0.75
1361 0 0.68 0.52 0.75
1362 0 0.7 0.52 0.75
1363 0 0.72 0.52 0.75
1364 0 0.74 0.52 0.75
1365 0 0.76 0.52 0.75
1366 0 0.78 0.52 0.75
1367 0 0.8 0.52 0.75
1368 0 0.82 0.52 0.75
1369 0 0.84 0.52 0.75
1370 0 0.86 0.52 0.75
1371 0 0.88 0.52 0.75
1372 0 0.9 0.52 0.75
1373 0 0.92 0.52 0.75
1374 0 0.94 0.52 0.875
1375 0 0.96 0.52 1
1376 0 0.98 0.52 1
1377 0 1 0.52 1
1378 0 0 0.54 1
1379 0 0.02 0.54 1
1380 0 0.04 0.54 1
1381 0 0.06 0.54 1
1382 0 0.08 0.54 1
1383 0 0.1 0.54 1
1384 0 0.12 0.54 1
1385 0 0.14 0.54 1
1386 0 0.16 0.54 1
1387 0 0.18 0.54 1
1388 0 0.2 0.54 1
1389 0 0.22 0.54 1
1390 0 0.24 0.54 1
1391 0 0.26 0.54 1
1392 0 0.28 0.54 1
1393 0 0.3 0.54 1
1394 0 0.32 0.54 1
1395 0 0.34 0.54 1
1396 0 0.36 0.54 1
1397 0 0.38 0.54 1
1398 0 0.4 0.54 1
1399 0 0.42 0.54 0.75
1400 0 0.44 0.54 0.5
1401 0 0.46 0.54 0.5
1402 0 0.48 0.54 0.5
1403 0 0.5 0.54 0.5
1404 0 0.52 0.54 0.5
1405 0 0.54 0.54 0.5
1406 0 0.56 0.54 0.5
1407 0 0.58 0.54 0.5
1408 0 0.6 0.54 0.5
1409 0 0.62 0.54 0.5
1410 0 0.64 0.54 0.5
1411 0 0.66 0.54 0.5
1412 0 0.68 0.54 0.5
1413 0 0.7 0.54 0.5
1414 0 0.72 0.54 0.5
1415 0 0.74 0.54 0.5
1416 0 0.76 0.54 0.5
1417 0 0.78 0.54 0.5
1418 0 0.8 0.54 0.5
1419 0 0.82 0.54 0.5
1420 0 0.84 0.54 0.5
1421 0 0.86 0.54 0.5
1422 0 0.88 0.54 0.5
1423 0 0.9 0.54 0.5
1424 0 0.92 0.54 0.5
1425 0 0.94 0.54 0.75
1426 0 0.96 0.54 1
1427 0 0.98 0.54 1
1428 0 1 0.54 1
1429 0 0 0.56 1
1430 0 0.02 0.56 1
1431 0 0.04 0.56 1
1432 0 0.06 0.56 1
1433 0 0.08 0.56 1
1434 0 0.1 0.56 1
1435 0 0.12 0.56 1
1436 0 0.14 0.56 1
1437 0 0.16 0.56 1
1438 0 0.18 0.56 1
1439 0 0.2 0.56 1
1440 0 0.22 0.56 1
1441 0 0.24 0.56 1
1442 0 0.26 0.56 1
1443 0 0.28 0.56 1
1444 0 0.3 0.56 1
1445 0 0.32 0.56 1
1446 0 0.34 0.56 1
1447 0 0.36 0.56 1
1448 0 0.38 0.56 1
1449 0 0.4 0.56 1
1450 0 0.42 0.56 0.75
1451 0 0.44 0.56 0.5
1452 0 0.46 0.56 0.5
1453 0 0.48 0.56 0.5
1454 0 0.5 0.56 0.5
1455 0 0.52 0.56 0.5
1456 0 0.54 0.56 0.5
1457 0 0.56 0.56 0.5
1458 0 0.58 0.56 0.5
1459 0 0.6 0.56 0.5
1460 0 0.62 0.56 0.5
1461 0 0.64 0.56 0.5
1462 0 0.66 0.56 0.5
1463 0 0.68 0.56 0.5
1464 0 0.7 0.56 0.5
1465 0 0.72 0.56 0.5
1466 0 0.74 0.56 0.5
1467 0 0.76 0.56 0.5
1468 0 0.78 0.56 0.5
1469 0 0.8 0.56 0.5
1470 0 0.82 0.56 0.5
1471 0 0.84 0.56 0.5
1472 0 0.86 0.56 0.5
1473 0 0.88 0.56 0.5
1474 0 0.9 0.56 0.5
1475 0 0.92 0.56 0.5
1476 0 0.94 0.56 0.75
1477 0 0.96 0.56 1
1478 0 0.98 0.56 1
1479 0 1 0.56 1
1480 0 0 0.58 1
1481 0 0.02 0.58 1
1482 0 0.04 0.58 1
1483 0 0.06 0.58 1
1484 0 0.08 0.58 1
1485 0 0.1 0.58 1
1486 0 0.12 0.58 1
1487 0 0.14 0.58 1
1488 0 0.16 0.58 1
1489 0 0.18 0.58 1
1490 0 0.2 0.58 1
1491 0 0.22 0.58 1
1492 0 0.24 0.58 1
1493 0 0.26 0.58 1
1494 0 0.28 0.58 1
1495 0 0.3 0.58 1
1496 0 0.32 0.58 1
1497 0 0.34 0.58 1
1498 0 0.36 0.58 1
1499 0 0.38 0.58 1
1500 0 0.4 0.58 1
1501 0 0.42 0.58 0.75
1502 0 0.44 0.58 0.5
1503 0 0.46 0.58 0.5
1504 0 0.48 0.58 0.5
1505 0 0.5 0.58 0.5
1506 0 0.52 0.58 0.5
1507 0 0.54 0.58 0.5
1508 0 0.56 0.58 0.5
1509 0 0.58 0.58 0.5
1510 0 0.6 0.58 0.5
1511 0 0.62 0.58 0.5
1512 0 0.64 0.58 0.5
1513 0 0.66 0.58 0.5
1514 0 0.68 0.58 0.5
1515 0 0.7 0.58 0.5
1516 0 0.72 0.58 0.5
1517 0 0.74 0.58 0.5
1518 0 0.76 0.58 0.5
1519 0 0.78 0.58 0.5
1520 0 0.8 0.58 0.5
1521 0 0.82 0.58 0.5
1522 0 0.84 0.58 0.5
1523 0 0.86 0.58 0.5
1524 0 0.88 0.58 0.5
1525 0 0.9 0.58 0.5
1526 0 0.92 0.58 0.5
1527 0 0.94 0.58 0.75
1528 0 0.96 0.58 1
1529 0 0.98 0.58 1
1530 0 1 0.58 1
1531 0 0 0.6 1
1532 0 0.02 0.6 1
1533 0 0.04 0.6 1
1534 0 0.06 0.6 0.875
1535 0 0.08 0.6 0.75
1536 0 0.1 0.6 0.75
1537 0 0.12 0.6 0.75
1538 0 0.14 0.6 0.75
1539 0 0.16 0.6 0.75
1540 0 0.18 0.6 0.75
1541 0 0.2 0.6 0.75
1542 0 0.22 0.6 0.75
1543 0 0.24 0.6 0.75
1544 0 0.26 0.6 0.75
1545 0 0.28 0.6 0.75
1546 0 0.3 0.6 0.75
1547 0 0.32 0.6 0.75
1548 0 0.34 0.6 0.875
1549 0 0.36 0.6 1
1550 0 0.38 0.6 1
1551 0 0.4 0.6 1
1552 0 0.42 0.6 0.75
1553 0 0.44 0.6 0.5
1554 0 0.46 0.6 0.5
1555 0 0.48 0.6 0.5
1556 0 0.5 0.6 0.5
1557 0 0.52 0.6 0.5
1558 0 0.54 0.6 0.5
1559 0 0.56 0.6 0.5
1560 0 0.58 0.6 0.5
1561 0 0.6 0.6 0.5
1562 0 0.62 0.6 0.5
1563 0 0.64 0.6 0.5
1564 0 0.66 0.6 0.5
1565 0 0.68 0.6 0.5
1566 0 0.7 0.6 0.5
1567 0 0.72 0.6 0.5
1568 0 0.74 0.6 0.5
1569 0 0.76 0.6 0.5
1570 0 0.78 0.6 0.5
1571 0 0.8 0.6 0.5
1572 0 0.82 0.6 0.5
1573 0 0.84 0.6 0.5
1574 0 0.86 0.6 0.5
1575 0 0.88 0.6 0.5
1576 0 0.9 0.6 0.5
1577 0 0.92 0.6 0.5
1578 0 0.94 0.6 0.75
1579 0 0.96 0.6 1
1580 0 0.98 0.6 1
1581 0 1 0.6 1
1582 0 0 0.62 1
1583 0 0.02 0.62 1
1584 0 0.04 0.62 1
1585 0 0.06 0.62 0.75
1586 0 0.08 0.62 0.5
1587 0 0.1 0.62 0.5
1588 0 0.12 0.62 0.5
1589 0 0.14 0.62 0.5
1590 0 0.16 0.62 0.5
1591 0 0.18 0.62 0.5
1592 0 0.2 0.62 0.5
1593 0 0.22 0.62 0.5
1594 0 0.24 0.62 0.5
1595 0 0.26 0.62 0.5
1596 0 0.28 0.62 0.5
1597 0 0.3 0.62 0.5
1598 0 0.32 0.62 0.5
1599 0 0.34 0.62 0.75
1600 0 0.36 0.62 1
1601 0 0.38 0.62 1
1602 0 0.4 0.62 1
1603 0 0.42 0.62 0.75
1604 0 0.44 0.62 0.5
1605 0 0.46 0.62 0.5
1606 0 0.48 0.62 0.5
1607 0 0.5 0.62 0.5
1608 0 0.52 0.62 0.5
1609 0 0.54 0.62 0.5
1610 0 0.56 0.62 0.5
1611 0 0.58 0.62 0.5
1612 0 0.6 0.62 0.5
1613 0 0.62 0.62 0.5
1614 0 0.64 0.62 0.5
1615 0 0.66 0.62 0.5
1616 0 0.68 0.62 0.5
1617 0 0.7 0.62 0.5
1618 0 0.72 0.62 0.5
1619 0 0.74 0.62 0.5
1620 0 0.76 0.62 0.5
1621 0 0.78 0.62 0.5
1622 0 0.8 0.62 0.5
1623 0 0.82 0.62 0.5
1624 0 0.84 0.62 0.5
1625 0 0.86 0.62 0.5
1626 0 0.88 0.62 0.5
1627 0 0.9 0.62 0.5
1628 0 0.92 0.62 0.5
1629 0 0.94 0.62 0.75
1630 0 0.96 0.62 1
1631 0 0.98 0.62 1
1632 0 1 0.62 1
1633 0 0 0.64 1
1634 0 0.02 0.64 1
1635 0 0.04 0.64 1
1636 0 0.06 0.64 0.75
1637 0 0.08 0.64 0.5
1638 0 0.1 0.64 0.5
1639 0 0.12 0.64 0.5
1640 0 0.14 0.64 0.5
1641 0 0.16 0.64 0.5
1642 0 0.18 0.64 0.5
1643 0 0.2 0.64 0.5
1644 0 0.22 0.64 0.5
1645 0 0.24 0.64 0.5
1646 0 0.26 0.64 0.5
1647 0 0.28 0.64 0.5
1648 0 0.3 0.64 0.5
1649 0 0.32 0.64 0.5
1650 0 0.34 0.64 0.75
1651 0 0.36 0.64 1
1652 0 0.38 0.64 1
1653 0 0.4 0.64 1
1654 0 0.42 0.64 0.75
1655 0 0.44 0.64 0.5
1656 0 0.46 0.64 0.5
1657 0 0.48 0.64 0.5
1658 0 0.5 0.64 0.5
1659 0 0.52 0.64 0.5
1660 0 0.54 0.64 0.5
1661 0 0.56 0.64 0.5
1662 0 0.58 0.64 0.5
1663 0 0.6 0.64 0.5
1664 0 0.62 0.64 0.5
1665 0 0.64 0.64 0.5
1666 0 0.66 0.64 0.5
1667 0 0.68 0.64 0.5
1668 0 0.7 0.64 0.5
1669 0 0.72 0.64 0.5
1670 0 0.74 0.64 0.5
1671 0 0.76 0.64 0.5
1672 0 0.78 0.64 0.5
1673 0 0.8 0.64 0.5
1674 0 0.82 0.64 0.5
1675 0 0.84 0.64 0.5
1676 0 0.86 0.64 0.5
1677 0 0.88 0.64 0.5
1678 0 0.9 0.64 0.5
1679 0 0.92 0.64 0.5
1680 0 0.94 0.64 0.75
1681 0 0.96 0.64 1
1682 0 0.98 0.64 1
1683 0 1 0.64 1
1684 0 0 0.66 1
1685 0 0.02 0.66 1
1686 0 0.04 0.66 1
1687 0 0.06 0.66 0.75
1688 0 0.08 0.66 0.5
1689 0 0.1 0.66 0.5
1690 0 0.12 0.66 0.5
1691 0 0.14 0.66 0.5
1692 0 0.16 0.66 0.5
1693 0 0.18 0.66 0.5
1694 0 0.2 0.66 0.5
1695 0 0.22 0.66 0.5
1696 0 0.24 0.66 0.5
1697 0 0.26 0.66 0.5
1698 0 0.28 0.66 0.5
1699 0 0.3 0.66 0.5
1700 0 0.32 0.66 0.5
1701 0 0.34 0.66 0.75
1702 0 0.36 0.66 1
1703 0 0.38 0.66 1
1704 0 0.4 0.66 1
1705 0 0.42 0.66 0.75
1706 0 0.44 0.66 0.5
1707 0 0.46 0.66 0.5
1708 0 0.48 0.66 0.5
1709 0 0.5 0.66 0.5
1710 0 0.52 0.66 0.5
1711 0 0.54 0.66 0.5
1712 0 0.56 0.66 0.5
1713 0 0.58 0.66 0.5
1714 0 0.6 0.66 0.5
1715 0 0.62 0.66 0.5
1716 0 0.64 0.66 0.5
1717 0 0.66 0.66 0.5
1718 0 0.68 0.66 0.5
1719 0 0.7 0.66 0.5
1720 0 0.72 0.66 0.5
1721 0 0.74 0.66 0.5
1722 0 0.76 0.66 0.5
1723 0 0.78 0.66 0.5
1724 0 0.8 0.66 0.5
1725 0 0.82 0.66 0.5
1726 0 0.84 0.66 0.5
1727 0 0.86 0.66 0.5
1728 0 0.88 0.66 0.5
1729 0 0.9 0.66 0.5
1730 0 0.92 0.66 0.5
1731 0 0.94 0.66 0.75
1732 0 0.96 0.66 1
1733 0 0.98 0.66 1
1734 0 1 0.66 1
1735 0 0 0.68 1
1736 0 0.02 0.68 1
1737 0 0.04 0.68 1
1738 0 0.06 0.68 0.75
1739 0 0.08 0.68 0.5
1740 0 0.1 0.68 0.5
1741 0 0.12 0.68 0.5
1742 0 0.14 0.68 0.5
1743 0 0.16 0.68 0.5
1744 0 0.18 0.68 0.5
1745 0 0.2 0.68 0.5
1746 0 0.22 0.68 0.5
1747 0 0.24 0.68 0.5
1748 0 0.26 0.68 0.5
1749 0 0.28 0.68 0.5
1750 0 0.3 0.68 0.5
1751 0 0.32 0.68 0.5
1752 0 0.34 0.68 0.75
1753 0 0.36 0.68 1
1754 0 0.38 0.68 1
1755 0 0.4 0.68 1
1756 0 0.42 0.68 0.75
1757 0 0.44 0.68 0.5
1758 0 0.46 0.68 0.5
1759 0 0.48 0.68 0.5
1760 0 0.5 0.68 0.5
1761 0 0.52 0.68 0.5
1762 0 0.54 0.68 0.5
1763 0 0.56 0.68 0.5
1764 0 0.58 0.68 0.5
1765 0 0.6 0.68 0.5
1766 0 0.62 0.68 0.5
1767 0 0.64 0.68 0.5
1768 0 0.66 0.68 0.5
1769 0 0.68 0.68 0.5
1770 0 0.7 0.68 0.5
1771 0 0.72 0.68 0.5
1772 0 0.74 0.68 0.5
1773 0 0.76 0.68 0.5
1774 0 0.78 0.68 0.5
1775 0 0.8 0.68 0.5
1776 0 0.82 0.68 0.5
1777 0 0.84 0.68 0.5
1778 0 0.86 0.68 0.5
1779 0 0.88 0.68 0.5
1780 0 0.9 0.68 0.5
1781 0 0.92 0.68 0.5
1782 0 0.94 0.68 0.75
1783 0 0.96 0.68 1
1784 0 0.98 0.68 1
1785 0 1 0.68 1
1786 0 0 0.7 1
1787 0 0.02 0.7 1
1788 0 0.04 0.7 1
1789 0 0.06 0.7 0.75
1790 0 0.08 0.7 0.5
1791 0 0.1 0.7 0.5
1792 0 0.12 0.7 0.5
1793 0 0.14 0.7 0.5
1794 0 0.16 0.7 0.5
1795 0 0.18 0.7 0.5
1796 0 0.2 0.7 0.5
1797 0 0.22 0.7 0.5
1798 0 0.24 0.7 0.5
1799 0 0.26 0.7 0.5
1800 0 0.28 0.7 0.5
1801 0 0.3 0.7 0.5
1802 0 0.32 0.7 0.5
1803 0 0.34 0.7 0.75
1804 0 0.36 0.7 1
1805 0 0.38 0.7 1
1806 0 0.4 0.7 1
1807 0 0.42 0.7 0.75
1808 0 0.44 0.7 0.5
1809 0 0.46 0.7 0.5
1810 0 0.48 0.7 0.5
1811 0 0.5 0.7 0.5
1812 0 0.52 0.7 0.5
1813 0 0.54 0.7 0.5
1814 0 0.56 0.7 0.5
1815 0 0.58 0.7 0.5
1816 0 0.6 0.7 0.5
1817 0 0.62 0.7 0.5
1818 0 0.64 0.7 0.5
1819 0 0.66 0.7 0.5
1820 0 0.68 0.7 0.5
1821 0 0.7 0.7 0.5
1822 0 0.72 0.7 0.5
1823 0 0.74 0.7 0.5
1824 0 0.76 0.7 0.5
1825 0 0.78 0.7 0.5
1826 0 0.8 0.7 0.5
1827 0 0.82 0.7 0.5
1828 0 0.84 0.7 0.5
1829 0 0.86 0.7 0.5
1830 0 0.88 0.7 0.5
1831 0 0.9 0.7 0.5
1832 0 0.92 0.7 0.5
1833 0 0.94 0.7 0.75
1834 0 0.96 0.7 1
1835 0 0.98 0.7 1
1836 0 1 0.7 1
1837 0 0 0.72 1
1838 0 0.02 0.72 1
1839 0 0.04 0.72 1
1840 0 0.06 0.72 0.75
1841 0 0.08 0.72 0.5
1842 0 0.1 0.72 0.5
1843 0 0.12 0.72 0.5
1844 0 0.14 0.72 0.5
1845 0 0.16 0.72 0.5
1846 0 0.18 0.72 0.5
1847 0 0.2 0.72 0.5
1848 0 0.22 0.72 0.5
1849 0 0.24 0.72 0.5
1850 0 0.26 0.72 0.5
1851 0 0.28 0.72 0.5
1852 0 0.3 0.72 0.5
1853 0 0.32 0.72 0.5
1854 0 0.34 0.72 0.75
1855 0 0.36 0.72 1
1856 0 0.38 0.72 1
1857 0 0.4 0.72 1
1858 0 0.42 0.72 0.75
1859 0 0.44 0.72 0.5
1860 0 0.46 0.72 0.5
1861 0 0.48 0.72 0.5
1862 0 0.5 0.72 0.5
1863 0 0.52 0.72 0.5
1864 0 0.54 0.72 0.5
1865 0 0.56 0.72 0.5
1866 0 0.58 0.72 0.5
1867 0 0.6 0.72 0.5
1868 0 0.62 0.72 0.5
1869 0 0.64 0.72 0.5
1870 0 0.66 0.72 0.5
1871 0 0.68 0.72 0.5
1872 0 0.7 0.72 0.5
1873 0 0.72 0.72 0.5
1874 0 0.74 0.72 0.5
1875 0 0.76 0.72 0.5
1876 0 0.78 0.72 0.5
1877 0 0.8 0.72 0.5
1878 0 0.82 0.72 0.5
1879 0 0.84 0.72 0.5
1880 0 0.86 0.72 0.5
1881 0 0.88 0.72 0.5
1882 0 0.9 0.72 0.5
1883 0 0.92 0.72 0.5
1884 0 0.94 0.72 0.75
1885 0 0.96 0.72 1
1886 0 0.98 0.72 1
1887 0 1 0.72 1
1888 0 0 0.74 1
1889 0 0.02 0.74 1
1890 0 0.04 0.74 1
1891 0 0.06 0.74 0.75
1892 0 0.08 0.74 0.5
1893 0 0.1 0.74 0.5
1894 0 0.12 0.74 0.5
1895 0 0.14 0.74 0.5
1896 0 0.16 0.74 0.5
1897 0 0.18 0.74 0.5
1898 0 0.2 0.74 0.5
1899 0 0.22 0.74 0.5
1900 0 0.24 0.74 0.5
1901 0 0.26 0.74 0.5
1902 0 0.28 0.74 0.5
1903 0 0.3 0.74 0.5
1904 0 0.32 0.74 0.5
1905 0 0.34 0.74 0.75
1906 0 0.36 0.74 1
1907 0 0.38 0.74 1
1908 0 0.4 0.74 1
1909 0 0.42 0.74 0.75
1910 0 0.44 0.74 0.5
1911 0 0.46 0.74 0.5
1912 0 0.48 0.74 0.5
1913 0 0.5 0.74 0.5
1914 0 0.52 0.74 0.5
1915 0 0.54 0.74 0.5
1916 0 0.56 0.74 0.5
1917 0 0.58 0.74 0.5
1918 0 0.6 0.74 0.5
1919 0 0.62 0.74 0.5
1920 0 0.64 0.74 0.5
1921 0 0.66 0.74 0.5
1922 0 0.68 0.74 0.5
1923 0 0.7 0.74 0.5
1924 0 0.72 0.74 0.5
1925 0 0.74 0.74 0.5
1926 0 0.76 0.74 0.5
1927 0 0.78 0.74 0.5
1928 0 0.8 0.74 0.5
1929 0 0.82 0.74 0.5
1930 0 0.84 0.74 0.5
1931 0 0.86 0.74 0.5
1932 0 0.88 0.74 0.5
1933 0 0.9 0.74 0.5
1934 0 0.92 0.74 0.5
1935 0 0.94 0.74 0.75
1936 0 0.96 0.74 1
1937 0 0.98 0.74 1
1938 0 1 0.74 1
1939 0 0 0.76 1
1940 0 0.02 0.76 1
1941 0 0.04 0.76 1
1942 0 0.06 0.76 0.75
1943 0 0.08 0.76 0.5
1944 0 0.1 0.76 0.5
1945 0 0.12 0.76 0.5
1946 0 0.14 0.76 0.5
1947 0 0.16 0.76 0.5
1948 0 0.18 0.76 0.5
1949 0 0.2 0.76 0.5
1950 0 0.22 0.76 0.5
1951 0 0.24 0.76 0.5
1952 0 0.26 0.76 0.5
1953 0 0.28 0.76 0.5
1954 0 0.3 0.76 0.5
1955 0 0.32 0.76 0.5
1956 0 0.34 0.76 0.75
1957 0 0.36 0.76 1
1958 0 0.38 0.76 1
1959 0 0.4 0.76 1
1960 0 0.42 0.76 0.75
1961 0 0.44 0.76 0.5
1962 0 0.46 0.76 0.5
1963 0 0.48 0.76 0.5
1964 0 0.5 0.76 0.5
1965 0 0.52 0.76 0.5
1966 0 0.54 0.76 0.5
1967 0 0.56 0.76 0.5
1968 0 0.58 0.76 0.5
1969 0 0.6 0.76 0.5
1970 0 0.62 0.76 0.5
1971 0 0.64 0.76 0.5
1972 0 0.66 0.76 0.5
1973 0 0.68 0.76 0.5
1974 0 0.7 0.76 0.5
1975 0 0.72 0.76 0.5
1976 0 0.74 0.76 0.5
1977 0 0.76 0.76 0.5
1978 0 0.78 0.76 0.5
1979 0 0.8 0.76 0.5
1980 0 0.82 0.76 0.5
1981 0 0.84 0.76 0.5
1982 0 0.86 0.76 0.5
1983 0 0.88 0.76 0.5
1984 0 0.9 0.76 0.5
1985 0 0.92 0.76 0.5
1986 0 0.94 0.76 0.75
1987 0 0.96 0.76 1
1988 0 0.98 0.76 1
1989 0 1 0.76 1
1990 0 0 0.78 1
1991 0 0.02 0.78 1
1992 0 0.04 0.78 1
1993 0 0.06 0.78 0.75
1994 0 0.08 0.78 0.5
1995 0 0.1 0.78 0.5
1996 0 0.12 0.78 0.5
1997 0 0.14 0.78 0.5
1998 0 0.16 0.78 0.5
1999 0 0.18 0.78 0.5
2000 0 0.2 0.78 0.5
2001 0 0.22 0.78 0.5
2002 0 0.24 0.78 0.5
2003 0 0.26 0.78 0.5
2004 0 0.28 0.78 0.5
2005 0 0.3 0.78 0.5
2006 0 0.32 0.78 0.5
2007 0 0.34 0.78 0.75
2008 0 0.36 0.78 1
2009 0 0.38 0.78 1
2010 0 0.4 0.78 1
2011 0 0.42 0.78 0.75
2012 0 0.44 0.78 0.5
2013 0 0.46 0.78 0.5
2014 0 0.48 0.78 0.5
2015 0 0.5 0.78 0.5
2016 0 0.52 0.78 0.5
2017 0 0.54 0.78 0.5
2018 0 0.56 0.78 0.5
2019 0 0.58 0.78 0.5
2020 0 0.6 0.78 0.5
2021 0 0.62 0.78 0.5
2022 0 0.64 0.78 0.5
2023 0 0.66 0.78 0.5
2024 0 0.68 0.78 0.5
2025 0 0.7 0.78 0.5
2026 0 0.72 0.78 0.5
2027 0 0.74 0.78 0.5
2028 0 0.76 0.78 0.5
2029 0 0.78 0.78 0.5
2030 0 0.8 0.78 0.5
2031 0 0.82 0.78 0.5
2032 0 0.84 0.78 0.5
2033 0 0.86 0.78 0.5
2034 0 0.88 0.78 0.5
2035 0 0.9 0.78 0.5
2036 0 0.92 0.78 0.5
2037 0 0.94 0.78 0.75
2038 0 0.96 0.78 1
2039 0 0.98 0.78 1
2040 0 1 0.78 1
2041 0 0 0.8 1
2042 0 0.02 0.8 1
2043 0 0.04 0.8 1
2044 0 0.06 0.8 0.75
2045 0 0.08 0.8 0.5
2046 0 0.1 0.8 0.5
2047 0 0.12 0.8 0.5
2048 0 0.14 0.8 0.5
2049 0 0.16 0.8 0.5
2050 0 0.18 0.8 0.5
2051 0 0.2 0.8 0.5
2052 0 0.22 0.8 0.5
2053 0 0.24 0.8 0.5
2054 0 0.26 0.8 0.5
2055 0 0.28 0.8 0.5
2056 0 0.3 0.8 0.5
2057 0 0.32 0.8 0.5
2058 0 0.34 0.8 0.75
2059 0 0.36 0.8 1
2060 0 0.38 0.8 1
2061 0 0.4 0.8 1
2062 0 0.42 0.8 0.75
2063 0 0.44 0.8 0.5
2064 0 0.46 0.8 0.5
2065 0 0.48 0.8 0.5
2066 0 0.5 0.8 0.5
2067 0 0.52 0.8 0.5
2068 0 0.54 0.8 0.5
2069 0 0.56 0.8 0.5
2070 0 0.58 0.8 0.5
2071 0 0.6 0.8 0.5
2072 0 0.62 0.8 0.5
2073 0 0.64 0.8 0.5
2074 0 0.66 0.8 0.5
2075 0 0.68 0.8 0.5
2076 0 0.7 0.8 0.5
2077 0 0.72 0.8 0.5
2078 0 0.74 0.8 0.5
2079 0 0.76 0.8 0.5
2080 0 0.78 0.8 0.5
2081 0 0.8 0.8 0.5
2082 0 0.82 0.8 0.5
2083 0 0.84 0.8 0.5
2084 0 0.86 0.8 0.5
2085 0 0.88 0.8 0.5
2086 0 0.9 0.8 0.5
2087 0 0.92 0.8 0.5
2088 0 0.94 0.8 0.75
2089 0 0.96 0.8 1
2090 0 0.98 0.8 1
2091 0 1 0.8 1
2092 0 0 0.82 1
2093 0 0.02 0.82 1
2094 0 0.04 0.82 1
2095 0 0.06 0.82 0.875
2096 0 0.08 0.82 0.75
2097 0 0.1 0.82 0.75
2098 0 0.12 0.82 0.75
2099 0 0.14 0.82 0.75
2100 0 0.16 0.82 0.75
2101 0 0.18 0.82 0.75
2102 0 0.2 0.82 0.75
2103 0 0.22 0.82 0.75
2104 0 0.24 0.82 0.75
2105 0 0.26 0.82 0.75
2106 0 0.28 0.82 0.75
2107 0 0.3 0.82 0.75
2108 0 0.32 0.82 0.75
2109 0 0.34 0.82 0.875
2110 0 0.36 0.82 1
2111 0 0.38 0.82 1
2112 0 0.4 0.82 1
2113 0 0.42 0.82 0.75
2114 0 0.44 0.82 0.5
2115 0 0.46 0.82 0.5
2116 0 0.48 0.82 0.5
2117 0 0.5 0.82 0.5
2118 0 0.52 0.82 0.5
2119 0 0.54 0.82 0.5
2120 0 0.56 0.82 0.5
2121 0 0.58 0.82 0.5
2122 0 0.6 0.82 0.5
2123 0 0.62 0.82 0.5
2124 0 0.64 0.82 0.5
2125 0 0.66 0.82 0.5
2126 0 0.68 0.82 0.5
2127 0 0.7 0.82 0.5
2128 0 0.72 0.82 0.5
2129 0 0.74 0.82 0.5
2130 0 0.76 0.82 0.5
2131 0 0.78 0.82 0.5
2132 0 0.8 0.82 0.5
2133 0 0.82 0.82 0.5
2134 0 0.84 0.82 0.5
2135 0 0.86 0.82 0.5
2136 0 0.88 0.82 0.5
2137 0 0.9 0.82 0.5
2138 0 0.92 0.82 0.5
2139 0 0.94 0.82 0.75
2140 0 0.96 0.82 1
2141 0 0.98 0.82 1
2142 0 1 0.82 1
2143 0 0 0.84 1
2144 0 0.02 0.84 1
2145 0 0.04 0.84 1
2146 0 0.06 0.84 1
2147 0 0.08 0.84 1
2148 0 0.1 0.84 1
2149 0 0.12 0.84 1
2150 0 0.14 0.84 1
2151 0 0.16 0.84 1
2152 0 0.18 0.84 1
2153 0 0.2 0.84 1
2154 0 0.22 0.84 1
2155 0 0.24 0.84 1
2156 0 0.26 0.84 1
2157 0 0.28 0.84 1
2158 0 0.3 0.84 1
2159 0 0.32 0.84 1
2160 0 0.34 0.84 1
2161 0 0.36 0.84 1
2162 0 0.38 0.84 1
2163 0 0.4 0.84 1
2164 0 0.42 0.84 0.75
2165 0 0.44 0.84 0.5
2166 0 0.46 0.84 0.5
2167 0 0.48 0.84 0.5
2168 0 0.5 0.84 0.5
2169 0 0.52 0.84 0.5
2170 0 0.54 0.84 0.5
2171 0 0.56 0.84 0.5
2172 0 0.58 0.84 0.5
2173 0 0.6 0.84 0.5
2174 0 0.62 0.84 0.5
2175 0 0.64 0.84 0.5
2176 0 0.66 0.84 0.5
2177 0 0.68 0.84 0.5
2178 0 0.7 0.84 0.5
2179 0 0.72 0.84 0.5
2180 0 0.74 0.84 0.5
2181 0 0.76 0.84 0.5
2182 0 0.78 0.84 0.5
2183 0 0.8 0.84 0.5
2184 0 0.82 0.84 0.5
2185 0 0.84 0.84 0.5
2186 0 0.86 0.84 0.5
2187 0 0.88 0.84 0.5
2188 0 0.9 0.84 0.5
2189 0 0.92 0.84 0.5
2190 0 0.94 0.84 0.75
2191 0 0.96 0.84 1
2192 0 0.98 0.84 1
2193 0 1 0.84 1
2194 0 0 0.86 1
2195 0 0.02 0.86 1
2196 0 0.04 0.86 1
2197 0 0.06 0.86 1
2198 0 0.08 0.86 1
2199 0 0.1 0.86 1
2200 0 0.12 0.86 1
2201 0 0.14 0.86 1
2202 0 0.16 0.86 1
2203 0 0.18 0.86 1
2204 0 0.2 0.86 1
2205 0 0.22 0.86 1
2206 0 0.24 0.86 1
2207 0 0.26 0.86 1
2208 0 0.28 0.86 1
2209 0 0.3 0.86 1
2210 0 0.32 0.86 1
2211 0 0.34 0.86 1
2212 0 0.36 0.86 1
2213 0 0.38 0.86 1
2214 0 0.4 0.86 1
2215 0 0.42 0.86 0.75
2216 0 0.44 0.86 0.5
2217 0 0.46 0.86 0.5
2218 0 0.48 0.86 0.5
2219 0 0.5 0.86 0.5
2220 0 0.52 0.86 0.5
2221 0 0.54 0.86 0.5
2222 0 0.56 0.86 0.5
2223 0 0.58 0.86 0.5
2224 0 0.6 0.86 0.5
2225 0 0.62 0.86 0.5
2226 0 0.64 0.86 0.5
2227 0 0.66 0.86 0.5
2228 0 0.68 0.86 0.5
2229 0 0.7 0.86 0.5
2230 0 0.72 0.86 0.5
2231 0 0.74 0.86 0.5
2232 0 0.76 0.86 0.5
2233 0 0.78 0.86 0.5
2234 0 0.8 0.86 0.5
2235 0 0.82 0.86 0.5
2236 0 0.84 0.86 0.5
2237 0 0.86 0.86 0.5
2238 0 0.88 0.86 0.5
2239 0 0.9 0.86 0.5
2240 0 0.92 0.86 0.5
2241 0 0.94 0.86 0.75
2242 0 0.96 0.86 1
2243 0 0.98 0.86 1
2244 0 1 0.86 1
2245 0 0 0.88 1
2246 0 0.02 0.88 1
2247 0 0.04 0.88 1
2248 0 0.06 0.88 1
2249 0 0.08 0.88 1
2250 0 0.1 0.88 1
2251 0 0.12 0.88 1
2252 0 0.14 0.88 1
2253 0 0.16 0.88 1
2254 0 0.18 0.88 1
2255 0 0.2 0.88 1
2256 0 0.22 0.88 1
2257 0 0.24 0.88 1
2258 0 0.26 0.88 1
2259 0 0.28 0.88 1
2260 0 0.3 0.88 1
2261 0 0.32 0.88 1
2262 0 0.34 0.88 1
2263 0 0.36 0.88 1
2264 0 0.38 0.88 1
2265 0 0.4 0.88 1
2266 0 0.42 0.88 0.75
2267 0 0.44 0.88 0.5
2268 0 0.46 0.88 0.5
2269 0 0.48 0.88 0.5
2270 0 0.5 0.88 0.5
2271 0 0.52 0.88 0.5
2272 0 0.54 0.88 0.5
2273 0 0.56 0.88 0.5
2274 0 0.58 0.88 0.5
2275 0 0.6 0.88 0.5
2276 0 0.62 0.88 0.5
2277 0 0.64 0.88 0.5
2278 0 0.66 0.88 0.5
2279 0 0.68 0.88 0.5
2280 0 0.7 0.88 0.5
2281 0 0.72 0.88 0.5
2282 0 0.74 0.88 0.5
2283 0 0.76 0.88 0.5
2284 0 0.78 0.88 0.5
2285 0 0.8 0.88 0.5
2286 0 0.82 0.88 0.5
2287 0 0.84 0.88 0.5
2288 0 0.86 0.88 0.5
2289 0 0.88 0.88 0.5
2290 0 0.9 0.88 0.5
2291 0 0.92 0.88 0.5
2292 0 0.94 0.88 0.75
2293 0 0.96 0.88 1
2294 0 0.98 0.88 1
2295 0 1 0.88 1
2296 0 0 0.9 1
2297 0 0.02 0.9 1
2298 0 0.04 0.9 1
2299 0 0.06 0.9 1
2300 0 0.08 0.9 1
2301 0 0.1 0.9 1
2302 0 0.12 0.9 1
2303 0 0.14 0.9 1
2304 0 0.16 0.9 1
2305 0 0.18 0.9 1
2306 0 0.2 0.9 1
2307 0 0.22 0.9 1
2308 0 0.24 0.9 1
2309 0 0.26 0.9 1
2310 0 0.28 0.9 1
2311 0 0.3 0.9 1
2312 0 0.32 0.9 1
2313 0 0.34 0.9 1
2314 0 0.36 0.9 1
2315 0 0.38 0.9 1
2316 0 0.4 0.9 1
2317 0 0.42 0.9 0.75
2318 0 0.44 0.9 0.5
2319 0 0.46 0.9 0.5
2320 0 0.48 0.9 0.5
2321 0 0.5 0.9 0.5
2322 0 0.52 0.9 0.5
2323 0 0.54 0.9 0.5
2324 0 0.56 0.9 0.5
2325 0 0.58 0.9 0.5
2326 0 0.6 0.9 0.5
2327 0 0.62 0.9 0.5
2328 0 0.64 0.9 0.5
2329 0 0.66 0.9 0.5
2330 0 0.68 0.9 0.5
2331 0 0.7 0.9 0.5
2332 0 0.72 0.9 0.5
2333 0 0.74 0.9 0.5
2334 0 0.76 0.9 0.5
2335 0 0.78 0.9 0.5
2336 0 0.8 0.9 0.5
2337 0 0.82 0.9 0.5
2338 0 0.84 0.9 0.5
2339 0 0.86 0.9 0.5
2340 0 0.88 0.9 0.5
2341 0 0.9 0.9 0.5
2342 0 0.92 0.9 0.5
2343 0 0.94 0.9 0.75
2344 0 0.96 0.9 1
2345 0 0.98 0.9 1
2346 0 1 0.9 1
2347 0 0 0.92 1
2348 0 0.02 0.92 1
2349 0 0.04 0.92 1
2350 0 0.06 0.92 1
2351 0 0.08 0.92 1
2352 0 0.1 0.92 1
2353 0 0.12 0.92 1
2354 0 0.14 0.92 1
2355 0 0.16 0.92 1
2356 0 0.18 0.92 1
2357 0 0.2 0.92 1
2358 0 0.22 0.92 1
2359 0 0.24 0.92 1
2360 0 0.26 0.92 1
2361 0 0.28 0.92 1
2362 0 0.3 0.92 1
2363 0 0.32 0.92 1
2364 0 0.34 0.92 1
2365 0 0.36 0.92 1
2366 0 0.38 0.92 1
2367 0 0.4 0.92 1
2368 0 0.42 0.92 0.75
2369 0 0.44 0.92 0.5
2370 0 0.46 0.92 0.5
2371 0 0.48 0.92 0.5
2372 0 0.5 0.92 0.5
2373 0 0.52 0.92 0.5
2374 0 0.54 0.92 0.5
2375 0 0.56 0.92 0.5
2376 0 0.58 0.92 0.5
2377 0 0.6 0.92 0.5
2378 0 0.62 0.92 0.5
2379 0 0.64 0.92 0.5
2380 0 0.66 0.92 0.5
2381 0 0.68 0.92 0.5
2382 0 0.7 0.92 0.5
2383 0 0.72 0.92 0.5
2384 0 0.74 0.92 0.5
2385 0 0.76 0.92 0.5
2386 0 0.78 0.92 0.5
2387 0 0.8 0.92 0.5
2388 0 0.82 0.92 0.5
2389 0 0.84 0.92 0.5
2390 0 0.86 0.92 0.5
2391 0 0.88 0.92 0.5
2392 0 0.9 0.92 0.5
2393 0 0.92 0.92 0.5
2394 0 0.94 0.92 0.75
2395 0 0.96 0.92 1
2396 0 0.98 0.92 1
2397 0 1 0.92 1
2398 0 0 0.94 1
2399 0 0.02 0.94 1
2400 0 0.04 0.94 1
2401 0 0.06 0.94 1
2402 0 0.08 0.94 1
2403 0 0.1 0.94 1
2404 0 0.12 0.94 1
2405 0 0.14 0.94 1
2406 0 0.16 0.94 1
2407 0 0.18 0.94 1
2408 0 0.2 0.94 1
2409 0 0.22 0.94 1
2410 0 0.24 0.94 1
2411 0 0.26 0.94 1
2412 0 0.28 0.94 1
2413 0 0.3 0.94 1
2414 0 0.32 0.94 1
2415 0 0.34 0.94 1
2416 0 0.36 0.94 1
2417 0 0.38 0.94 1
2418 0 0.4 0.94 1
2419 0 0.42 0.94 0.875
2420 0 0.44 0.94 0.75
2421 0 0.46 0.94 0.75
2422 0 0.48 0.94 0.75
2423 0 0.5 0.94 0.75
2424 0 0.52 0.94 0.75
2425 0 0.54 0.94 0.75
2426 0 0.56 0.94 0.75
2427 0 0.58 0.94 0.75
2428 0 0.6 0.94 0.75
2429 0 0.62 0.94 0.75
2430 0 0.64 0.94 0.75
2431 0 0.66 0.94 0.75
2432 0 0.68 0.94 0.75
2433 0 0.7 0.94 0.75
2434 0 0.72 0.94 0.75
2435 0 0.74 0.94 0.75
2436 0 0.76 0.94 0.75
2437 0 0.78 0.94 0.75
2438 0 0.8 0.94 0.75
2439 0 0.82 0.94 0.75
2440 0 0.84 0.94 0.75
2441 0 0.86 0.94 0.75
2442 0 0.88 0.94 0.75
2443 0 0.9 0.94 0.75
2444 0 0.92 0.94 0.75
2445 0 0.94 0.94 0.875
2446 0 0.96 0.94 1
2447 0 0.98 0.94 1
2448 0 1 0.94 1
2449 0 0 0.96 1
2450 0 0.02 0.96 1
2451 0 0.04 0.96 1
2452 0 0.06 0.96 1
2453 0 0.08 0.96 1
2454 0 0.1 0.96 1
2455 0 0.12 0.96 1
2456 0 0.14 0.96 1
2457 0 0.16 0.96 1
2458 0 0.18 0.96 1
2459 0 0.2 0.96 1
2460 0 0.22 0.96 1
2461 0 0.24 0.96 1
2462 0 0.26 0.96 1
2463 0 0.28 0.96 1
2464 0 0.3 0.96 1
2465 0 0.32 0.96 1
2466 0 0.34 0.96 1
2467 0 0.36 0.96 1
2468 0 0.38 0.96 1
2469 0 0.4 0.96 1
2470 0 0.42 0.96 1
2471 0 0.44 0.96 1
2472 0 0.46 0.96 1
2473 0 0.48 0.96 1
2474 0 0.5 0.96 1
2475 0 0.52 0.96 1
2476 0 0.54 0.96 1
2477 0 0.56 0.96 1
2478 0 0.58 0.96 1
2479 0 0.6 0.96 1
2480 0 0.62 0.96 1
2481 0 0.64 0.96 1
2482 0 0.66 0.96 1
2483 0 0.68 0.96 1
2484 0 0.7 0.96 1
2485 0 0.72 0.96 1
2486 0 0.74 0.96 1
2487 0 0.76 0.96 1
2488 0 0.78 0.96 1
2489 0 0.8 0.96 1
2490 0 0.82 0.96 1
2491 0 0.84 0.96 1
2492 0 0.86 0.96 1
2493 0 0.88 0.96 1
2494 0 0.9 0.96 1
2495 0 0.92 0.96 1
2496 0 0.94 0.96 1
2497 0 0.96 0.96 1
2498 0 0.98 0.96 1
2499 0 1 0.96 1
2500 0 0 0.98 1
2501 0 0.02 0.98 1
2502 0 0.04 0.98 1
2503 0 0.06 0.98 1
2504 0 0.08 0.98 1
2505 0 0.1 0.98 1
2506 0 0.12 0.98 1
2507 0 0.14 0.98 1
2508 0 0.16 0.98 1
2509 0 0.18 0.98 1
2510 0 0.2 0.98 1
2511 0 0.22 0.98 1
2512 0 0.24 0.98 1
2513 0 0.26 0.98 1
2514 0 0.28 0.98 1
2515 0 0.3 0.98 1
2516 0 0.32 0.98 1
2517 0 0.34 0.98 1
2518 0 0.36 0.98 1
2519 0 0.38 0.98 1
2520 0 0.4 0.98 1
2521 0 0.42 0.98 1
2522 0 0.44 0.98 1
2523 0 0.46 0.98 1
2524 0 0.48 0.98 1
2525 0 0.5 0.98 1
2526 0 0.52 0.98 1
2527 0 0.54 0.98 1
2528 0 0.56 0.98 1
2529 0 0.58 0.98 1
2530 0 0.6 0.98 1
2531 0 0.62 0.98 1
2532 0 0.64 0.98 1
2533 0 0.66 0.98 1
2534 0 0.68 0.98 1
2535 0 0.7 0.98 1
2536 0 0.72 0.98 1
2537 0 0.74 0.98 1
2538 0 0.76 0.98 1
2539 0 0.78 0.98 1
2540 0 0.8 0.98 1
2541 0 0.82 0.98 1
2542 0 0.84 0.98 1
2543 0 0.86 0.98 1
2544 0 0.88 0.98 1
2545 0 0.9 0.98 1
2546 0 0.92 0.98 1
2547 0 0.94 0.98 1
2548 0 0.96 0.98 1
2549 0 0.98 0.98 1
2550 0 1 0.98 1
2551 0 0 1 1
2552 0 0.02 1 1
2553 0 0.04 1 1
2554 0 0.06 1 1
2555 0 0.08 1 1
2556 0 0.1 1 1
2557 0 0.12 1 1
2558 0 0.14 1 1
2559 0 0.16 1 1
2560 0 0.18 1 1
2561 0 0.2 1 1
2562 0 0.22 1 1
2563 0 0.24 1 1
2564 0 0.26 1 1
2565 0 0.28 1 1
2566 0 0.3 1 1
2567 0 0.32 1 1
2568 0 0.34 1 1
2569 0 0.36 1 1
2570 0 0.38 1 1
2571 0 0.4 1 1
2572 0 0.42 1 1
2573 0 0.44 1 1
2574 0 0.46 1 1
2575 0 0.48 1 1
2576 0 0.5 1 1
2577 0 0.52 1 1
2578 0 0.54 1 1
2579 0 0.56 1 1
2580 0 0.58 1 1
2581 0 0.6 1 1
2582 0 0.62 1 1
2583 0 0.64 1 1
2584 0 0.66 1 1
2585 0 0.68 1 1
2586 0 0.7 1 1
2587 0 0.72 1 1
2588 0 0.74 1 1
2589 0 0.76 1 1
2590 0 0.78 1 1
2591 0 0.8 1 1
2592 0 0.82 1 1
2593 0 0.84 1 1
2594 0 0.86 1 1
2595 0 0.88 1 1
2596 0 0.9 1 1
2597 0 0.92 1 1
2598 0 0.94 1 1
2599 0 0.96 1 1
2600 0 0.98 1 1
2601 0 1 1 1
