1 0 0 0
2 0 0.02 0
3 0 0.04 0
4 0 0.06 0
5 0 0.08 0
6 0 0.1 0
7 0 0.12 0
8 0 0.14 0
9 0 0.16 0
10 0 0.18 0
11 0 0.2 0
12 0 0.22 0
13 0 0.24 0
14 0 0.26 0
15 0 0.28 0
16 0 0.3 0
17 0 0.32 0
18 0 0.34 0
19 0 0.36 0
20 0 0.38 0
21 0 0.4 0
22 0 0.42 0
23 0 0.44 0
24 0 0.46 0
25 0 0.48 0
26 0 0.5 0
27 0 0.52 0
28 0 0.54 0
29 0 0.56 0
30 0 0.58 0
31 0 0.6 0
32 0 0.62 0
33 0 0.64 0
34 0 0.66 0
35 0 0.68 0
36 0 0.7 0
37 0 0.72 0
38 0 0.74 0
39 0 0.76 0
40 0 0.78 0
41 0 0.8 0
42 0 0.82 0
43 0 0.84 0
44 0 0.86 0
45 0 0.88 0
46 0 0.9 0
47 0 0.92 0
48 0 0.94 0
49 0 0.96 0
50 0 0.98 0
51 0 1 0
52 0 0 0.02
53 0 0.02 0.02
54 0 0.04 0.02
55 0 0.06 0.02
56 0 0.08 0.02
57 0 0.1 0.02
58 0 0.12 0.02
59 0 0.14 0.02
60 0 0.16 0.02
61 0 0.18 0.02
62 0 0.2 0.02
63 0 0.22 0.02
64 0 0.24 0.02
65 0 0.26 0.02
66 0 0.28 0.02
67 0 0.3 0.02
68 0 0.32 0.02
69 0 0.34 0.02
70 0 0.36 0.02
71 0 0.38 0.02
72 0 0.4 0.02
73 0 0.42 0.02
74 0 0.44 0.02
75 0 0.46 0.02
76 0 0.48 0.02
77 0 0.5 0.02
78 0 0.52 0.02
79 0 0.54 0.02
80 0 0.56 0.02
81 0 0.58 0.02
82 0 0.6 0.02
83 0 0.62 0.02
84 0 0.64 0.02
85 0 0.66 0.02
86 0 0.68 0.02
87 0 0.7 0.02
88 0 0.72 0.02
89 0 0.74 0.02
90 0 0.76 0.02
91 0 0.78 0.02
92 0 0.8 0.02
93 0 0.82 0.02
94 0 0.84 0.02
95 0 0.86 0.02
96 0 0.88 0.02
97 0 0.9 0.02
98 0 0.92 0.02
99 0 0.94 0.02
100 0 0.96 0.02
101 0 0.98 0.02
102 0 1 0.02
103 0 0 0.04
104 0 0.02 0.04
105 0 0.04 0.04
106 0 0.06 0.04
107 0 0.08 0.04
108 0 0.1 0.04
109 0 0.12 0.04
110 0 0.14 0.04
111 0 0.16 0.04
112 0 0.18 0.04
113 0 0.2 0.04
114 0 0.22 0.04
115 0 0.24 0.04
116 0 0.26 0.04
117 0 0.28 0.04
118 0 0.3 0.04
119 0 0.32 0.04
120 0 0.34 0.04
121 0 0.36 0.04
122 0 0.38 0.04
123 0 0.4 0.04
124 0 0.42 0.04
125 0 0.44 0.04
126 0 0.46 0.04
127 0 0.48 0.04
128 0 0.5 0.04
129 0 0.52 0.04
130 0 0.54 0.04
131 0 0.56 0.04
132 0 0.58 0.04
133 0 0.6 0.04
134 0 0.62 0.04
135 0 0.64 0.04
136 0 0.66 0.04
137 0 0.68 0.04
138 0 0.7 0.04
139 0 0.72 0.04
140 0 0.74 0.04
141 0 0.76 0.04
142 0 0.78 0.04
143 0 0.8 0.04
144 0 0.82 0.04
145 0 0.84 0.04
146 0 0.86 0.04
147 0 0.88 0.04
148 0 0.9 0.04
149 0 0.92 0.04
150 0 0.94 0.04
151 0 0.96 0.04
152 0 0.98 0.04
153 0 1 0.04
154 0 0 0.06
155 0 0.02 0.06
156 0 0.04 0.06
157 0 0.06 0.06
158 0 0.08 0.06
159 0 0.1 0.06
160 0 0.12 0.06
161 0 0.14 0.06
162 0 0.16 0.06
163 0 0.18 0.06
164 0 0.2 0.06
165 0 0.22 0.06
166 0 0.24 0.06
167 0 0.26 0.06
168 0 0.28 0.06
169 0 0.3 0.06
170 0 0.32 0.06
171 0 0.34 0.06
172 0 0.36 0.06
173 0 0.38 0.06
174 0 0.4 0.06
175 0 0.42 0.06
176 0 0.44 0.06
177 0 0.46 0.06
178 0 0.48 0.06
179 0 0.5 0.06
180 0 0.52 0.06
181 0 0.54 0.06
182 0 0.56 0.06
183 0 0.58 0.06
184 0 0.6 0.06
185 0 0.62 0.06
186 0 0.64 0.06
187 0 0.66 0.06
188 0 0.68 0.06
189 0 0.7 0.06
190 0 0.72 0.06
191 0 0.74 0.06
192 0 0.76 0.06
193 0 0.78 0.06
194 0 0.8 0.06
195 0 0.82 0.06
196 0 0.84 0.06
197 0 0.86 0.06
198 0 0.88 0.06
199 0 0.9 0.06
200 0 0.92 0.06
201 0 0.94 0.06
202 0 0.96 0.06
203 0 0.98 0.06
204 0 1 0.06
205 0 0 0.08
206 0 0.02 0.08
207 0 0.04 0.08
208 0 0.06 0.08
209 0 0.08 0.08
210 0 0.1 0.08
211 0 0.12 0.08
212 0 0.14 0.08
213 0 0.16 0.08
214 0 0.18 0.08
215 0 0.2 0.08
216 0 0.22 0.08
217 0 0.24 0.08
218 0 0.26 0.08
219 0 0.28 0.08
220 0 0.3 0.08
221 0 0.32 0.08
222 0 0.34 0.08
223 0 0.36 0.08
224 0 0.38 0.08
225 0 0.4 0.08
226 0 0.42 0.08
227 0 0.44 0.08
228 0 0.46 0.08
229 0 0.48 0.08
230 0 0.5 0.08
231 0 0.52 0.08
232 0 0.54 0.08
233 0 0.56 0.08
234 0 0.58 0.08
235 0 0.6 0.08
236 0 0.62 0.08
237 0 0.64 0.08
238 0 0.66 0.08
239 0 0.68 0.08
240 0 0.7 0.08
241 0 0.72 0.08
242 0 0.74 0.08
243 0 0.76 0.08
244 0 0.78 0.08
245 0 0.8 0.08
246 0 0.82 0.08
247 0 0.84 0.08
248 0 0.86 0.08
249 0 0.88 0.08
250 0 0.9 0.08
251 0 0.92 0.08
252 0 0.94 0.08
253 0 0.96 0.08
254 0 0.98 0.08
255 0 1 0.08
256 0 0 0.1
257 0 0.02 0.1
258 0 0.04 0.1
259 0 0.06 0.1
260 0 0.08 0.1
261 0 0.1 0.1
262 0 0.12 0.1
263 0 0.14 0.1
264 0 0.16 0.1
265 0 0.18 0.1
266 0 0.2 0.1
267 0 0.22 0.1
268 0 0.24 0.1
269 0 0.26 0.1
270 0 0.28 0.1
271 0 0.3 0.1
272 0 0.32 0.1
273 0 0.34 0.1
274 0 0.36 0.1
275 0 0.38 0.1
276 0 0.4 0.1
277 0 0.42 0.1
278 0 0.44 0.1
279 0 0.46 0.1
280 0 0.48 0.1
281 0 0.5 0.1
282 0 0.52 0.1
283 0 0.54 0.1
284 0 0.56 0.1
285 0 0.58 0.1
286 0 0.6 0.1
287 0 0.62 0.1
288 0 0.64 0.1
289 0 0.66 0.1
290 0 0.68 0.1
291 0 0.7 0.1
292 0 0.72 0.1
293 0 0.74 0.1
294 0 0.76 0.1
295 0 0.78 0.1
296 0 0.8 0.1
297 0 0.82 0.1
298 0 0.84 0.1
299 0 0.86 0.1
300 0 0.88 0.1
301 0 0.9 0.1
302 0 0.92 0.1
303 0 0.94 0.1
304 0 0.96 0.1
305 0 0.98 0.1
306 0 1 0.1
307 0 0 0.12
308 0 0.02 0.12
309 0 0.04 0.12
310 0 0.06 0.12
311 0 0.08 0.12
312 0 0.1 0.12
313 0 0.12 0.12
314 0 0.14 0.12
315 0 0.16 0.12
316 0 0.18 0.12
317 0 0.2 0.12
318 0 0.22 0.12
319 0 0.24 0.12
320 0 0.26 0.12
321 0 0.28 0.12
322 0 0.3 0.12
323 0 0.32 0.12
324 0 0.34 0.12
325 0 0.36 0.12
326 0 0.38 0.12
327 0 0.4 0.12
328 0 0.42 0.12
329 0 0.44 0.12
330 0 0.46 0.12
331 0 0.48 0.12
332 0 0.5 0.12
333 0 0.52 0.12
334 0 0.54 0.12
335 0 0.56 0.12
336 0 0.58 0.12
337 0 0.6 0.12
338 0 0.62 0.12
339 0 0.64 0.12
340 0 0.66 0.12
341 0 0.68 0.12
342 0 0.7 0.12
343 0 0.72 0.12
344 0 0.74 0.12
345 0 0.76 0.12
346 0 0.78 0.12
347 0 0.8 0.12
348 0 0.82 0.12
349 0 0.84 0.12
350 0 0.86 0.12
351 0 0.88 0.12
352 0 0.9 0.12
353 0 0.92 0.12
354 0 0.94 0.12
355 0 0.96 0.12
356 0 0.98 0.12
357 0 1 0.12
358 0 0 0.14
359 0 0.02 0.14
360 0 0.04 0.14
361 0 0.06 0.14
362 0 0.08 0.14
363 0 0.1 0.14
364 0 0.12 0.14
365 0 0.14 0.14
366 0 0.16 0.14
367 0 0.18 0.14
368 0 0.2 0.14
369 0 0.22 0.14
370 0 0.24 0.14
371 0 0.26 0.14
372 0 0.28 0.14
373 0 0.3 0.14
374 0 0.32 0.14
375 0 0.34 0.14
376 0 0.36 0.14
377 0 0.38 0.14
378 0 0.4 0.14
379 0 0.42 0.14
380 0 0.44 0.14
381 0 0.46 0.14
382 0 0.48 0.14
383 0 0.5 0.14
384 0 0.52 0.14
385 0 0.54 0.14
386 0 0.56 0.14
387 0 0.58 0.14
388 0 0.6 0.14
389 0 0.62 0.14
390 0 0.64 0.14
391 0 0.66 0.14
392 0 0.68 0.14
393 0 0.7 0.14
394 0 0.72 0.14
395 0 0.74 0.14
396 0 0.76 0.14
397 0 0.78 0.14
398 0 0.8 0.14
399 0 0.82 0.14
400 0 0.84 0.14
401 0 0.86 0.14
402 0 0.88 0.14
403 0 0.9 0.14
404 0 0.92 0.14
405 0 0.94 0.14
406 0 0.96 0.14
407 0 0.98 0.14
408 0 1 0.14
409 0 0 0.16
410 0 0.02 0.16
411 0 0.04 0.16
412 0 0.06 0.16
413 0 0.08 0.16
414 0 0.1 0.16
415 0 0.12 0.16
416 0 0.14 0.16
417 0 0.16 0.16
418 0 0.18 0.16
419 0 0.2 0.16
420 0 0.22 0.16
421 0 0.24 0.16
422 0 0.26 0.16
423 0 0.28 0.16
424 0 0.3 0.16
425 0 0.32 0.16
426 0 0.34 0.16
427 0 0.36 0.16
428 0 0.38 0.16
429 0 0.4 0.16
430 0 0.42 0.16
431 0 0.44 0.16
432 0 0.46 0.16
433 0 0.48 0.16
434 0 0.5 0.16
435 0 0.52 0.16
436 0 0.54 0.16
437 0 0.56 0.16
438 0 0.58 0.16
439 0 0.6 0.16
440 0 0.62 0.16
441 0 0.64 0.16
442 0 0.66 0.16
443 0 0.68 0.16
444 0 0.7 0.16
445 0 0.72 0.16
446 0 0.74 0.16
447 0 0.76 0.16
448 0 0.78 0.16
449 0 0.8 0.16
450 0 0.82 0.16
451 0 0.84 0.16
452 0 0.86 0.16
453 0 0.88 0.16
454 0 0.9 0.16
455 0 0.92 0.16
456 0 0.94 0.16
457 0 0.96 0.16
458 0 0.98 0.16
459 0 1 0.16
460 0 0 0.18
461 0 0.02 0.18
462 0 0.04 0.18
463 0 0.06 0.18
464 0 0.08 0.18
465 0 0.1 0.18
466 0 0.12 0.18
467 0 0.14 0.18
468 0 0.16 0.18
469 0 0.18 0.18
470 0 0.2 0.18
471 0 0.22 0.18
472 0 0.24 0.18
473 0 0.26 0.18
474 0 0.28 0.18
475 0 0.3 0.18
476 0 0.32 0.18
477 0 0.34 0.18
478 0 0.36 0.18
479 0 0.38 0.18
480 0 0.4 0.18
481 0 0.42 0.18
482 0 0.44 0.18
483 0 0.46 0.18
484 0 0.48 0.18
485 0 0.5 0.18
486 0 0.52 0.18
487 0 0.54 0.18
488 0 0.56 0.18
489 0 0.58 0.18
490 0 0.6 0.18
491 0 0.62 0.18
492 0 0.64 0.18
493 0 0.66 0.18
494 0 0.68 0.18
495 0 0.7 0.18
496 0 0.72 0.18
497 0 0.74 0.18
498 0 0.76 0.18
499 0 0.78 0.18
500 0 0.8 0.18
501 0 0.82 0.18
502 0 0.84 0.18
503 0 0.86 0.18
504 0 0.88 0.18
505 0 0.9 0.18
506 0 0.92 0.18
507 0 0.94 0.18
508 0 0.96 0.18
509 0 0.98 0.18
510 0 1 0.18
511 0 0 0.2
512 0 0.02 0.2
513 0 0.04 0.2
514 0 0.06 0.2
515 0 0.08 0.2
516 0 0.1 0.2
517 0 0.12 0.2
518 0 0.14 0.2
519 0 0.16 0.2
520 0 0.18 0.2
521 0 0.2 0.2
522 0 0.22 0.2
523 0 0.24 0.2
524 0 0.26 0.2
525 0 0.28 0.2
526 0 0.3 0.2
527 0 0.32 0.2
528 0 0.34 0.2
529 0 0.36 0.2
530 0 0.38 0.2
531 0 0.4 0.2
532 0 0.42 0.2
533 0 0.44 0.2
534 0 0.46 0.2
535 0 0.48 0.2
536 0 0.5 0.2
537 0 0.52 0.2
538 0 0.54 0.2
539 0 0.56 0.2
540 0 0.58 0.2
541 0 0.6 0.2
542 0 0.62 0.2
543 0 0.64 0.2
544 0 0.66 0.2
545 0 0.68 0.2
546 0 0.7 0.2
547 0 0.72 0.2
548 0 0.74 0.2
549 0 0.76 0.2
550 0 0.78 0.2
551 0 0.8 0.2
552 0 0.82 0.2
553 0 0.84 0.2
554 0 0.86 0.2
555 0 0.88 0.2
556 0 0.9 0.2
557 0 0.92 0.2
558 0 0.94 0.2
559 0 0.96 0.2
560 0 0.98 0.2
561 0 1 0.2
562 0 0 0.22
563 0 0.02 0.22
564 0 0.04 0.22
565 0 0.06 0.22
566 0 0.08 0.22
567 0 0.1 0.22
568 0 0.12 0.22
569 0 0.14 0.22
570 0 0.16 0.22
571 0 0.18 0.22
572 0 0.2 0.22
573 0 0.22 0.22
574 0 0.24 0.22
575 0 0.26 0.22
576 0 0.28 0.22
577 0 0.3 0.22
578 0 0.32 0.22
579 0 0.34 0.22
580 0 0.36 0.22
581 0 0.38 0.22
582 0 0.4 0.22
583 0 0.42 0.22
584 0 0.44 0.22
585 0 0.46 0.22
586 0 0.48 0.22
587 0 0.5 0.22
588 0 0.52 0.22
589 0 0.54 0.22
590 0 0.56 0.22
591 0 0.58 0.22
592 0 0.6 0.22
593 0 0.62 0.22
594 0 0.64 0.22
595 0 0.66 0.22
596 0 0.68 0.22
597 0 0.7 0.22
598 0 0.72 0.22
599 0 0.74 0.22
600 0 0.76 0.22
601 0 0.78 0.22
602 0 0.8 0.22
603 0 0.82 0.22
604 0 0.84 0.22
605 0 0.86 0.22
606 0 0.88 0.22
607 0 0.9 0.22
608 0 0.92 0.22
609 0 0.94 0.22
610 0 0.96 0.22
611 0 0.98 0.22
612 0 1 0.22
613 0 0 0.24
614 0 0.02 0.24
615 0 0.04 0.24
616 0 0.06 0.24
617 0 0.08 0.24
618 0 0.1 0.24
619 0 0.12 0.24
620 0 0.14 0.24
621 0 0.16 0.24
622 0 0.18 0.24
623 0 0.2 0.24
624 0 0.22 0.24
625 0 0.24 0.24
626 0 0.26 0.24
627 0 0.28 0.24
628 0 0.3 0.24
629 0 0.32 0.24
630 0 0.34 0.24
631 0 0.36 0.24
632 0 0.38 0.24
633 0 0.4 0.24
634 0 0.42 0.24
635 0 0.44 0.24
636 0 0.46 0.24
637 0 0.48 0.24
638 0 0.5 0.24
639 0 0.52 0.24
640 0 0.54 0.24
641 0 0.56 0.24
642 0 0.58 0.24
643 0 0.6 0.24
644 0 0.62 0.24
645 0 0.64 0.24
646 0 0.66 0.24
647 0 0.68 0.24
648 0 0.7 0.24
649 0 0.72 0.24
650 0 0.74 0.24
651 0 0.76 0.24
652 0 0.78 0.24
653 0 0.8 0.24
654 0 0.82 0.24
655 0 0.84 0.24
656 0 0.86 0.24
657 0 0.88 0.24
658 0 0.9 0.24
659 0 0.92 0.24
660 0 0.94 0.24
661 0 0.96 0.24
662 0 0.98 0.24
663 0 1 0.24
664 0 0 0.26
665 0 0.02 0.26
666 0 0.04 0.26
667 0 0.06 0.26
668 0 0.08 0.26
669 0 0.1 0.26
670 0 0.12 0.26
671 0 0.14 0.26
672 0 0.16 0.26
673 0 0.18 0.26
674 0 0.2 0.26
675 0 0.22 0.26
676 0 0.24 0.26
677 0 0.26 0.26
678 0 0.28 0.26
679 0 0.3 0.26
680 0 0.32 0.26
681 0 0.34 0.26
682 0 0.36 0.26
683 0 0.38 0.26
684 0 0.4 0.26
685 0 0.42 0.26
686 0 0.44 0.26
687 0 0.46 0.26
688 0 0.48 0.26
689 0 0.5 0.26
690 0 0.52 0.26
691 0 0.54 0.26
692 0 0.56 0.26
693 0 0.58 0.26
694 0 0.6 0.26
695 0 0.62 0.26
696 0 0.64 0.26
697 0 0.66 0.26
698 0 0.68 0.26
699 0 0.7 0.26
700 0 0.72 0.26
701 0 0.74 0.26
702 0 0.76 0.26
703 0 0.78 0.26
704 0 0.8 0.26
705 0 0.82 0.26
706 0 0.84 0.26
707 0 0.86 0.26
708 0 0.88 0.26
709 0 0.9 0.26
710 0 0.92 0.26
711 0 0.94 0.26
712 0 0.96 0.26
713 0 0.98 0.26
714 0 1 0.26
715 0 0 0.28
716 0 0.02 0.28
717 0 0.04 0.28
718 0 0.06 0.28
719 0 0.08 0.28
720 0 0.1 0.28
721 0 0.12 0.28
722 0 0.14 0.28
723 0 0.16 0.28
724 0 0.18 0.28
725 0 0.2 0.28
726 0 0.22 0.28
727 0 0.24 0.28
728 0 0.26 0.28
729 0 0.28 0.28
730 0 0.3 0.28
731 0 0.32 0.28
732 0 0.34 0.28
733 0 0.36 0.28
734 0 0.38 0.28
735 0 0.4 0.28
736 0 0.42 0.28
737 0 0.44 0.28
738 0 0.46 0.28
739 0 0.48 0.28
740 0 0.5 0.28
741 0 0.52 0.28
742 0 0.54 0.28
743 0 0.56 0.28
744 0 0.58 0.28
745 0 0.6 0.28
746 0 0.62 0.28
747 0 0.64 0.28
748 0 0.66 0.28
749 0 0.68 0.28
750 0 0.7 0.28
751 0 0.72 0.28
752 0 0.74 0.28
753 0 0.76 0.28
754 0 0.78 0.28
755 0 0.8 0.28
756 0 0.82 0.28
757 0 0.84 0.28
758 0 0.86 0.28
759 0 0.88 0.28
760 0 0.9 0.28
761 0 0.92 0.28
762 0 0.94 0.28
763 0 0.96 0.28
764 0 0.98 0.28
765 0 1 0.28
766 0 0 0.3
767 0 0.02 0.3
768 0 0.04 0.3
769 0 0.06 0.3
770 0 0.08 0.3
771 0 0.1 0.3
772 0 0.12 0.3
773 0 0.14 0.3
774 0 0.16 0.3
775 0 0.18 0.3
776 0 0.2 0.3
777 0 0.22 0.3
778 0 0.24 0.3
779 0 0.26 0.3
780 0 0.28 0.3
781 0 0.3 0.3
782 0 0.32 0.3
783 0 0.34 0.3
784 0 0.36 0.3
785 0 0.38 0.3
786 0 0.4 0.3
787 0 0.42 0.3
788 0 0.44 0.3
789 0 0.46 0.3
790 0 0.48 0.3
791 0 0.5 0.3
792 0 0.52 0.3
793 0 0.54 0.3
794 0 0.56 0.3
795 0 0.58 0.3
796 0 0.6 0.3
797 0 0.62 0.3
798 0 0.64 0.3
799 0 0.66 0.3
800 0 0.68 0.3
801 0 0.7 0.3
802 0 0.72 0.3
803 0 0.74 0.3
804 0 0.76 0.3
805 0 0.78 0.3
806 0 0.8 0.3
807 0 0.82 0.3
808 0 0.84 0.3
809 0 0.86 0.3
810 0 0.88 0.3
811 0 0.9 0.3
812 0 0.92 0.3
813 0 0.94 0.3
814 0 0.96 0.3
815 0 0.98 0.3
816 0 1 0.3
817 0 0 0.32
818 0 0.02 0.32
819 0 0.04 0.32
820 0 0.06 0.32
821 0 0.08 0.32
822 0 0.1 0.32
823 0 0.12 0.32
824 0 0.14 0.32
825 0 0.16 0.32
826 0 0.18 0.32
827 0 0.2 0.32
828 0 0.22 0.32
829 0 0.24 0.32
830 0 0.26 0.32
831 0 0.28 0.32
832 0 0.3 0.32
833 0 0.32 0.32
834 0 0.34 0.32
835 0 0.36 0.32
836 0 0.38 0.32
837 0 0.4 0.32
838 0 0.42 0.32
839 0 0.44 0.32
840 0 0.46 0.32
841 0 0.48 0.32
842 0 0.5 0.32
843 0 0.52 0.32
844 0 0.54 0.32
845 0 0.56 0.32
846 0 0.58 0.32
847 0 0.6 0.32
848 0 0.62 0.32
849 0 0.64 0.32
850 0 0.66 0.32
851 0 0.68 0.32
852 0 0.7 0.32
853 0 0.72 0.32
854 0 0.74 0.32
855 0 0.76 0.32
856 0 0.78 0.32
857 0 0.8 0.32
858 0 0.82 0.32
859 0 0.84 0.32
860 0 0.86 0.32
861 0 0.88 0.32
862 0 0.9 0.32
863 0 0.92 0.32
864 0 0.94 0.32
865 0 0.96 0.32
866 0 0.98 0.32
867 0 1 0.32
868 0 0 0.34
869 0 0.02 0.34
870 0 0.04 0.34
871 0 0.06 0.34
872 0 0.08 0.34
873 0 0.1 0.34
874 0 0.12 0.34
875 0 0.14 0.34
876 0 0.16 0.34
877 0 0.18 0.34
878 0 0.2 0.34
879 0 0.22 0.34
880 0 0.24 0.34
881 0 0.26 0.34
882 0 0.28 0.34
883 0 0.3 0.34
884 0 0.32 0.34
885 0 0.34 0.34
886 0 0.36 0.34
887 0 0.38 0.34
888 0 0.4 0.34
889 0 0.42 0.34
890 0 0.44 0.34
891 0 0.46 0.34
892 0 0.48 0.34
893 0 0.5 0.34
894 0 0.52 0.34
895 0 0.54 0.34
896 0 0.56 0.34
897 0 0.58 0.34
898 0 0.6 0.34
899 0 0.62 0.34
900 0 0.64 0.34
901 0 0.66 0.34
902 0 0.68 0.34
903 0 0.7 0.34
904 0 0.72 0.34
905 0 0.74 0.34
906 0 0.76 0.34
907 0 0.78 0.34
908 0 0.8 0.34
909 0 0.82 0.34
910 0 0.84 0.34
911 0 0.86 0.34
912 0 0.88 0.34
913 0 0.9 0.34
914 0 0.92 0.34
915 0 0.94 0.34
916 0 0.96 0.34
917 0 0.98 0.34
918 0 1 0.34
919 0 0 0.36
920 0 0.02 0.36
921 0 0.04 0.36
922 0 0.06 0.36
923 0 0.08 0.36
924 0 0.1 0.36
925 0 0.12 0.36
926 0 0.14 0.36
927 0 0.16 0.36
928 0 0.18 0.36
929 0 0.2 0.36
930 0 0.22 0.36
931 0 0.24 0.36
932 0 0.26 0.36
933 0 0.28 0.36
934 0 0.3 0.36
935 0 0.32 0.36
936 0 0.34 0.36
937 0 0.36 0.36
938 0 0.38 0.36
939 0 0.4 0.36
940 0 0.42 0.36
941 0 0.44 0.36
942 0 0.46 0.36
943 0 0.48 0.36
944 0 0.5 0.36
945 0 0.52 0.36
946 0 0.54 0.36
947 0 0.56 0.36
948 0 0.58 0.36
949 0 0.6 0.36
950 0 0.62 0.36
951 0 0.64 0.36
952 0 0.66 0.36
953 0 0.68 0.36
954 0 0.7 0.36
955 0 0.72 0.36
956 0 0.74 0.36
957 0 0.76 0.36
958 0 0.78 0.36
959 0 0.8 0.36
960 0 0.82 0.36
961 0 0.84 0.36
962 0 0.86 0.36
963 0 0.88 0.36
964 0 0.9 0.36
965 0 0.92 0.36
966 0 0.94 0.36
967 0 0.96 0.36
968 0 0.98 0.36
969 0 1 0.36
970 0 0 0.38
971 0 0.02 0.38
972 0 0.04 0.38
973 0 0.06 0.38
974 0 0.08 0.38
975 0 0.1 0.38
976 0 0.12 0.38
977 0 0.14 0.38
978 0 0.16 0.38
979 0 0.18 0.38
980 0 0.2 0.38
981 0 0.22 0.38
982 0 0.24 0.38
983 0 0.26 0.38
984 0 0.28 0.38
985 0 0.3 0.38
986 0 0.32 0.38
987 0 0.34 0.38
988 0 0.36 0.38
989 0 0.38 0.38
990 0 0.4 0.38
991 0 0.42 0.38
992 0 0.44 0.38
993 0 0.46 0.38
994 0 0.48 0.38
995 0 0.5 0.38
996 0 0.52 0.38
997 0 0.54 0.38
998 0 0.56 0.38
999 0 0.58 0.38
1000 0 0.6 0.38
1001 0 0.62 0.38
1002 0 0.64 0.38
1003 0 0.66 0.38
1004 0 0.68 0.38
1005 0 0.7 0.38
1006 0 0.72 0.38
1007 0 0.74 0.38
1008 0 0.76 0.38
1009 0 0.78 0.38
1010 0 0.8 0.38
1011 0 0.82 0.38
1012 0 0.84 0.38
1013 0 0.86 0.38
1014 0 0.88 0.38
1015 0 0.9 0.38
1016 0 0.92 0.38
1017 0 0.94 0.38
1018 0 0.96 0.38
1019 0 0.98 0.38
1020 0 1 0.38
1021 0 0 0.4
1022 0 0.02 0.4
1023 0 0.04 0.4
1024 0 0.06 0.4
1025 0 0.08 0.4
1026 0 0.1 0.4
1027 0 0.12 0.4
1028 0 0.14 0.4
1029 0 0.16 0.4
1030 0 0.18 0.4
1031 0 0.2 0.4
1032 0 0.22 0.4
1033 0 0.24 0.4
1034 0 0.26 0.4
1035 0 0.28 0.4
1036 0 0.3 0.4
1037 0 0.32 0.4
1038 0 0.34 0.4
1039 0 0.36 0.4
1040 0 0.38 0.4
1041 0 0.4 0.4
1042 0 0.42 0.4
1043 0 0.44 0.4
1044 0 0.46 0.4
1045 0 0.48 0.4
1046 0 0.5 0.4
1047 0 0.52 0.4
1048 0 0.54 0.4
1049 0 0.56 0.4
1050 0 0.58 0.4
1051 0 0.6 0.4
1052 0 0.62 0.4
1053 0 0.64 0.4
1054 0 0.66 0.4
1055 0 0.68 0.4
1056 0 0.7 0.4
1057 0 0.72 0.4
1058 0 0.74 0.4
1059 0 0.76 0.4
1060 0 0.78 0.4
1061 0 0.8 0.4
1062 0 0.82 0.4
1063 0 0.84 0.4
1064 0 0.86 0.4
1065 0 0.88 0.4
1066 0 0.9 0.4
1067 0 0.92 0.4
1068 0 0.94 0.4
1069 0 0.96 0.4
1070 0 0.98 0.4
1071 0 1 0.4
1072 0 0 0.42
1073 0 0.02 0.42
1074 0 0.04 0.42
1075 0 0.06 0.42
1076 0 0.08 0.42
1077 0 0.1 0.42
1078 0 0.12 0.42
1079 0 0.14 0.42
1080 0 0.16 0.42
1081 0 0.18 0.42
1082 0 0.2 0.42
1083 0 0.22 0.42
1084 0 0.24 0.42
1085 0 0.26 0.42
1086 0 0.28 0.42
1087 0 0.3 0.42
1088 0 0.32 0.42
1089 0 0.34 0.42
1090 0 0.36 0.42
1091 0 0.38 0.42
1092 0 0.4 0.42
1093 0 0.42 0.42
1094 0 0.44 0.42
1095 0 0.46 0.42
1096 0 0.48 0.42
1097 0 0.5 0.42
1098 0 0.52 0.42
1099 0 0.54 0.42
1100 0 0.56 0.42
1101 0 0.58 0.42
1102 0 0.6 0.42
1103 0 0.62 0.42
1104 0 0.64 0.42
1105 0 0.66 0.42
1106 0 0.68 0.42
1107 0 0.7 0.42
1108 0 0.72 0.42
1109 0 0.74 0.42
1110 0 0.76 0.42
1111 0 0.78 0.42
1112 0 0.8 0.42
1113 0 0.82 0.42
1114 0 0.84 0.42
1115 0 0.86 0.42
1116 0 0.88 0.42
1117 0 0.9 0.42
1118 0 0.92 0.42
1119 0 0.94 0.42
1120 0 0.96 0.42
1121 0 0.98 0.42
1122 0 1 0.42
1123 0 0 0.44
1124 0 0.02 0.44
1125 0 0.04 0.44
1126 0 0.06 0.44
1127 0 0.08 0.44
1128 0 0.1 0.44
1129 0 0.12 0.44
1130 0 0.14 0.44
1131 0 0.16 0.44
1132 0 0.18 0.44
1133 0 0.2 0.44
1134 0 0.22 0.44
1135 0 0.24 0.44
1136 0 0.26 0.44
1137 0 0.28 0.44
1138 0 0.3 0.44
1139 0 0.32 0.44
1140 0 0.34 0.44
1141 0 0.36 0.44
1142 0 0.38 0.44
1143 0 0.4 0.44
1144 0 0.42 0.44
1145 0 0.44 0.44
1146 0 0.46 0.44
1147 0 0.48 0.44
1148 0 0.5 0.44
1149 0 0.52 0.44
1150 0 0.54 0.44
1151 0 0.56 0.44
1152 0 0.58 0.44
1153 0 0.6 0.44
1154 0 0.62 0.44
1155 0 0.64 0.44
1156 0 0.66 0.44
1157 0 0.68 0.44
1158 0 0.7 0.44
1159 0 0.72 0.44
1160 0 0.74 0.44
1161 0 0.76 0.44
1162 0 0.78 0.44
1163 0 0.8 0.44
1164 0 0.82 0.44
1165 0 0.84 0.44
1166 0 0.86 0.44
1167 0 0.88 0.44
1168 0 0.9 0.44
1169 0 0.92 0.44
1170 0 0.94 0.44
1171 0 0.96 0.44
1172 0 0.98 0.44
1173 0 1 0.44
1174 0 0 0.46
1175 0 0.02 0.46
1176 0 0.04 0.46
1177 0 0.06 0.46
1178 0 0.08 0.46
1179 0 0.1 0.46
1180 0 0.12 0.46
1181 0 0.14 0.46
1182 0 0.16 0.46
1183 0 0.18 0.46
1184 0 0.2 0.46
1185 0 0.22 0.46
1186 0 0.24 0.46
1187 0 0.26 0.46
1188 0 0.28 0.46
1189 0 0.3 0.46
1190 0 0.32 0.46
1191 0 0.34 0.46
1192 0 0.36 0.46
1193 0 0.38 0.46
1194 0 0.4 0.46
1195 0 0.42 0.46
1196 0 0.44 0.46
1197 0 0.46 0.46
1198 0 0.48 0.46
1199 0 0.5 0.46
1200 0 0.52 0.46
1201 0 0.54 0.46
1202 0 0.56 0.46
1203 0 0.58 0.46
1204 0 0.6 0.46
1205 0 0.62 0.46
1206 0 0.64 0.46
1207 0 0.66 0.46
1208 0 0.68 0.46
1209 0 0.7 0.46
1210 0 0.72 0.46
1211 0 0.74 0.46
1212 0 0.76 0.46
1213 0 0.78 0.46
1214 0 0.8 0.46
1215 0 0.82 0.46
1216 0 0.84 0.46
1217 0 0.86 0.46
1218 0 0.88 0.46
1219 0 0.9 0.46
1220 0 0.92 0.46
1221 0 0.94 0.46
1222 0 0.96 0.46
1223 0 0.98 0.46
1224 0 1 0.46
1225 0 0 0.48
1226 0 0.02 0.48
1227 0 0.04 0.48
1228 0 0.06 0.48
1229 0 0.08 0.48
1230 0 0.1 0.48
1231 0 0.12 0.48
1232 0 0.14 0.48
1233 0 0.16 0.48
1234 0 0.18 0.48
1235 0 0.2 0.48
1236 0 0.22 0.48
1237 0 0.24 0.48
1238 0 0.26 0.48
1239 0 0.28 0.48
1240 0 0.3 0.48
1241 0 0.32 0.48
1242 0 0.34 0.48
1243 0 0.36 0.48
1244 0 0.38 0.48
1245 0 0.4 0.48
1246 0 0.42 0.48
1247 0 0.44 0.48
1248 0 0.46 0.48
1249 0 0.48 0.48
1250 0 0.5 0.48
1251 0 0.52 0.48
1252 0 0.54 0.48
1253 0 0.56 0.48
1254 0 0.58 0.48
1255 0 0.6 0.48
1256 0 0.62 0.48
1257 0 0.64 0.48
1258 0 0.66 0.48
1259 0 0.68 0.48
1260 0 0.7 0.48
1261 0 0.72 0.48
1262 0 0.74 0.48
1263 0 0.76 0.48
1264 0 0.78 0.48
1265 0 0.8 0.48
1266 0 0.82 0.48
1267 0 0.84 0.48
1268 0 0.86 0.48
1269 0 0.88 0.48
1270 0 0.9 0.48
1271 0 0.92 0.48
1272 0 0.94 0.48
1273 0 0.96 0.48
1274 0 0.98 0.48
1275 0 1 0.48
1276 0 0 0.5
1277 0 0.02 0.5
1278 0 0.04 0.5
1279 0 0.06 0.5
1280 0 0.08 0.5
1281 0 0.1 0.5
1282 0 0.12 0.5
1283 0 0.14 0.5
1284 0 0.16 0.5
1285 0 0.18 0.5
1286 0 0.2 0.5
1287 0 0.22 0.5
1288 0 0.24 0.5
1289 0 0.26 0.5
1290 0 0.28 0.5
1291 0 0.3 0.5
1292 0 0.32 0.5
1293 0 0.34 0.5
1294 0 0.36 0.5
1295 0 0.38 0.5
1296 0 0.4 0.5
1297 0 0.42 0.5
1298 0 0.44 0.5
1299 0 0.46 0.5
1300 0 0.48 0.5
1301 0 0.5 0.5
1302 0 0.52 0.5
1303 0 0.54 0.5
1304 0 0.56 0.5
1305 0 0.58 0.5
1306 0 0.6 0.5
1307 0 0.62 0.5
1308 0 0.64 0.5
1309 0 0.66 0.5
1310 0 0.68 0.5
1311 0 0.7 0.5
1312 0 0.72 0.5
1313 0 0.74 0.5
1314 0 0.76 0.5
1315 0 0.78 0.5
1316 0 0.8 0.5
1317 0 0.82 0.5
1318 0 0.84 0.5
1319 0 0.86 0.5
1320 0 0.88 0.5
1321 0 0.9 0.5
1322 0 0.92 0.5
1323 0 0.94 0.5
1324 0 0.96 0.5
1325 0 0.98 0.5
1326 0 1 0.5
1327 0 0 0.52
1328 0 0.02 0.52
1329 0 0.04 0.52
1330 0 0.06 0.52
1331 0 0.08 0.52
1332 0 0.1 0.52
1333 0 0.12 0.52
1334 0 0.14 0.52
1335 0 0.16 0.52
1336 0 0.18 0.52
1337 0 0.2 0.52
1338 0 0.22 0.52
1339 0 0.24 0.52
1340 0 0.26 0.52
1341 0 0.28 0.52
1342 0 0.3 0.52
1343 0 0.32 0.52
1344 0 0.34 0.52
1345 0 0.36 0.52
1346 0 0.38 0.52
1347 0 0.4 0.52
1348 0 0.42 0.52
1349 0 0.44 0.52
1350 0 0.46 0.52
1351 0 0.48 0.52
1352 0 0.5 0.52
1353 0 0.52 0.52
1354 0 0.54 0.52
1355 0 0.56 0.52
1356 0 0.58 0.52
1357 0 0.6 0.52
1358 0 0.62 0.52
1359 0 0.64 0.52
1360 0 0.66 0.52
1361 0 0.68 0.52
1362 0 0.7 0.52
1363 0 0.72 0.52
1364 0 0.74 0.52
1365 0 0.76 0.52
1366 0 0.78 0.52
1367 0 0.8 0.52
1368 0 0.82 0.52
1369 0 0.84 0.52
1370 0 0.86 0.52
1371 0 0.88 0.52
1372 0 0.9 0.52
1373 0 0.92 0.52
1374 0 0.94 0.52
1375 0 0.96 0.52
1376 0 0.98 0.52
1377 0 1 0.52
1378 0 0 0.54
1379 0 0.02 0.54
1380 0 0.04 0.54
1381 0 0.06 0.54
1382 0 0.08 0.54
1383 0 0.1 0.54
1384 0 0.12 0.54
1385 0 0.14 0.54
1386 0 0.16 0.54
1387 0 0.18 0.54
1388 0 0.2 0.54
1389 0 0.22 0.54
1390 0 0.24 0.54
1391 0 0.26 0.54
1392 0 0.28 0.54
1393 0 0.3 0.54
1394 0 0.32 0.54
1395 0 0.34 0.54
1396 0 0.36 0.54
1397 0 0.38 0.54
1398 0 0.4 0.54
1399 0 0.42 0.54
1400 0 0.44 0.54
1401 0 0.46 0.54
1402 0 0.48 0.54
1403 0 0.5 0.54
1404 0 0.52 0.54
1405 0 0.54 0.54
1406 0 0.56 0.54
1407 0 0.58 0.54
1408 0 0.6 0.54
1409 0 0.62 0.54
1410 0 0.64 0.54
1411 0 0.66 0.54
1412 0 0.68 0.54
1413 0 0.7 0.54
1414 0 0.72 0.54
1415 0 0.74 0.54
1416 0 0.76 0.54
1417 0 0.78 0.54
1418 0 0.8 0.54
1419 0 0.82 0.54
1420 0 0.84 0.54
1421 0 0.86 0.54
1422 0 0.88 0.54
1423 0 0.9 0.54
1424 0 0.92 0.54
1425 0 0.94 0.54
1426 0 0.96 0.54
1427 0 0.98 0.54
1428 0 1 0.54
1429 0 0 0.56
1430 0 0.02 0.56
1431 0 0.04 0.56
1432 0 0.06 0.56
1433 0 0.08 0.56
1434 0 0.1 0.56
1435 0 0.12 0.56
1436 0 0.14 0.56
1437 0 0.16 0.56
1438 0 0.18 0.56
1439 0 0.2 0.56
1440 0 0.22 0.56
1441 0 0.24 0.56
1442 0 0.26 0.56
1443 0 0.28 0.56
1444 0 0.3 0.56
1445 0 0.32 0.56
1446 0 0.34 0.56
1447 0 0.36 0.56
1448 0 0.38 0.56
1449 0 0.4 0.56
1450 0 0.42 0.56
1451 0 0.44 0.56
1452 0 0.46 0.56
1453 0 0.48 0.56
1454 0 0.5 0.56
1455 0 0.52 0.56
1456 0 0.54 0.56
1457 0 0.56 0.56
1458 0 0.58 0.56
1459 0 0.6 0.56
1460 0 0.62 0.56
1461 0 0.64 0.56
1462 0 0.66 0.56
1463 0 0.68 0.56
1464 0 0.7 0.56
1465 0 0.72 0.56
1466 0 0.74 0.56
1467 0 0.76 0.56
1468 0 0.78 0.56
1469 0 0.8 0.56
1470 0 0.82 0.56
1471 0 0.84 0.56
1472 0 0.86 0.56
1473 0 0.88 0.56
1474 0 0.9 0.56
1475 0 0.92 0.56
1476 0 0.94 0.56
1477 0 0.96 0.56
1478 0 0.98 0.56
1479 0 1 0.56
1480 0 0 0.58
1481 0 0.02 0.58
1482 0 0.04 0.58
1483 0 0.06 0.58
1484 0 0.08 0.58
1485 0 0.1 0.58
1486 0 0.12 0.58
1487 0 0.14 0.58
1488 0 0.16 0.58
1489 0 0.18 0.58
1490 0 0.2 0.58
1491 0 0.22 0.58
1492 0 0.24 0.58
1493 0 0.26 0.58
1494 0 0.28 0.58
1495 0 0.3 0.58
1496 0 0.32 0.58
1497 0 0.34 0.58
1498 0 0.36 0.58
1499 0 0.38 0.58
1500 0 0.4 0.58
1501 0 0.42 0.58
1502 0 0.44 0.58
1503 0 0.46 0.58
1504 0 0.48 0.58
1505 0 0.5 0.58
1506 0 0.52 0.58
1507 0 0.54 0.58
1508 0 0.56 0.58
1509 0 0.58 0.58
1510 0 0.6 0.58
1511 0 0.62 0.58
1512 0 0.64 0.58
1513 0 0.66 0.58
1514 0 0.68 0.58
1515 0 0.7 0.58
1516 0 0.72 0.58
1517 0 0.74 0.58
1518 0 0.76 0.58
1519 0 0.78 0.58
1520 0 0.8 0.58
1521 0 0.82 0.58
1522 0 0.84 0.58
1523 0 0.86 0.58
1524 0 0.88 0.58
1525 0 0.9 0.58
1526 0 0.92 0.58
1527 0 0.94 0.58
1528 0 0.96 0.58
1529 0 0.98 0.58
1530 0 1 0.58
1531 0 0 0.6
1532 0 0.02 0.6
1533 0 0.04 0.6
1534 0 0.06 0.6
1535 0 0.08 0.6
1536 0 0.1 0.6
1537 0 0.12 0.6
1538 0 0.14 0.6
1539 0 0.16 0.6
1540 0 0.18 0.6
1541 0 0.2 0.6
1542 0 0.22 0.6
1543 0 0.24 0.6
1544 0 0.26 0.6
1545 0 0.28 0.6
1546 0 0.3 0.6
1547 0 0.32 0.6
1548 0 0.34 0.6
1549 0 0.36 0.6
1550 0 0.38 0.6
1551 0 0.4 0.6
1552 0 0.42 0.6
1553 0 0.44 0.6
1554 0 0.46 0.6
1555 0 0.48 0.6
1556 0 0.5 0.6
1557 0 0.52 0.6
1558 0 0.54 0.6
1559 0 0.56 0.6
1560 0 0.58 0.6
1561 0 0.6 0.6
1562 0 0.62 0.6
1563 0 0.64 0.6
1564 0 0.66 0.6
1565 0 0.68 0.6
1566 0 0.7 0.6
1567 0 0.72 0.6
1568 0 0.74 0.6
1569 0 0.76 0.6
1570 0 0.78 0.6
1571 0 0.8 0.6
1572 0 0.82 0.6
1573 0 0.84 0.6
1574 0 0.86 0.6
1575 0 0.88 0.6
1576 0 0.9 0.6
1577 0 0.92 0.6
1578 0 0.94 0.6
1579 0 0.96 0.6
1580 0 0.98 0.6
1581 0 1 0.6
1582 0 0 0.62
1583 0 0.02 0.62
1584 0 0.04 0.62
1585 0 0.06 0.62
1586 0 0.08 0.62
1587 0 0.1 0.62
1588 0 0.12 0.62
1589 0 0.14 0.62
1590 0 0.16 0.62
1591 0 0.18 0.62
1592 0 0.2 0.62
1593 0 0.22 0.62
1594 0 0.24 0.62
1595 0 0.26 0.62
1596 0 0.28 0.62
1597 0 0.3 0.62
1598 0 0.32 0.62
1599 0 0.34 0.62
1600 0 0.36 0.62
1601 0 0.38 0.62
1602 0 0.4 0.62
1603 0 0.42 0.62
1604 0 0.44 0.62
1605 0 0.46 0.62
1606 0 0.48 0.62
1607 0 0.5 0.62
1608 0 0.52 0.62
1609 0 0.54 0.62
1610 0 0.56 0.62
1611 0 0.58 0.62
1612 0 0.6 0.62
1613 0 0.62 0.62
1614 0 0.64 0.62
1615 0 0.66 0.62
1616 0 0.68 0.62
1617 0 0.7 0.62
1618 0 0.72 0.62
1619 0 0.74 0.62
1620 0 0.76 0.62
1621 0 0.78 0.62
1622 0 0.8 0.62
1623 0 0.82 0.62
1624 0 0.84 0.62
1625 0 0.86 0.62
1626 0 0.88 0.62
1627 0 0.9 0.62
1628 0 0.92 0.62
1629 0 0.94 0.62
1630 0 0.96 0.62
1631 0 0.98 0.62
1632 0 1 0.62
1633 0 0 0.64
1634 0 0.02 0.64
1635 0 0.04 0.64
1636 0 0.06 0.64
1637 0 0.08 0.64
1638 0 0.1 0.64
1639 0 0.12 0.64
1640 0 0.14 0.64
1641 0 0.16 0.64
1642 0 0.18 0.64
1643 0 0.2 0.64
1644 0 0.22 0.64
1645 0 0.24 0.64
1646 0 0.26 0.64
1647 0 0.28 0.64
1648 0 0.3 0.64
1649 0 0.32 0.64
1650 0 0.34 0.64
1651 0 0.36 0.64
1652 0 0.38 0.64
1653 0 0.4 0.64
1654 0 0.42 0.64
1655 0 0.44 0.64
1656 0 0.46 0.64
1657 0 0.48 0.64
1658 0 0.5 0.64
1659 0 0.52 0.64
1660 0 0.54 0.64
1661 0 0.56 0.64
1662 0 0.58 0.64
1663 0 0.6 0.64
1664 0 0.62 0.64
1665 0 0.64 0.64
1666 0 0.66 0.64
1667 0 0.68 0.64
1668 0 0.7 0.64
1669 0 0.72 0.64
1670 0 0.74 0.64
1671 0 0.76 0.64
1672 0 0.78 0.64
1673 0 0.8 0.64
1674 0 0.82 0.64
1675 0 0.84 0.64
1676 0 0.86 0.64
1677 0 0.88 0.64
1678 0 0.9 0.64
1679 0 0.92 0.64
1680 0 0.94 0.64
1681 0 0.96 0.64
1682 0 0.98 0.64
1683 0 1 0.64
1684 0 0 0.66
1685 0 0.02 0.66
1686 0 0.04 0.66
1687 0 0.06 0.66
1688 0 0.08 0.66
1689 0 0.1 0.66
1690 0 0.12 0.66
1691 0 0.14 0.66
1692 0 0.16 0.66
1693 0 0.18 0.66
1694 0 0.2 0.66
1695 0 0.22 0.66
1696 0 0.24 0.66
1697 0 0.26 0.66
1698 0 0.28 0.66
1699 0 0.3 0.66
1700 0 0.32 0.66
1701 0 0.34 0.66
1702 0 0.36 0.66
1703 0 0.38 0.66
1704 0 0.4 0.66
1705 0 0.42 0.66
1706 0 0.44 0.66
1707 0 0.46 0.66
1708 0 0.48 0.66
1709 0 0.5 0.66
1710 0 0.52 0.66
1711 0 0.54 0.66
1712 0 0.56 0.66
1713 0 0.58 0.66
1714 0 0.6 0.66
1715 0 0.62 0.66
1716 0 0.64 0.66
1717 0 0.66 0.66
1718 0 0.68 0.66
1719 0 0.7 0.66
1720 0 0.72 0.66
1721 0 0.74 0.66
1722 0 0.76 0.66
1723 0 0.78 0.66
1724 0 0.8 0.66
1725 0 0.82 0.66
1726 0 0.84 0.66
1727 0 0.86 0.66
1728 0 0.88 0.66
1729 0 0.9 0.66
1730 0 0.92 0.66
1731 0 0.94 0.66
1732 0 0.96 0.66
1733 0 0.98 0.66
1734 0 1 0.66
1735 0 0 0.68
1736 0 0.02 0.68
1737 0 0.04 0.68
1738 0 0.06 0.68
1739 0 0.08 0.68
1740 0 0.1 0.68
1741 0 0.12 0.68
1742 0 0.14 0.68
1743 0 0.16 0.68
1744 0 0.18 0.68
1745 0 0.2 0.68
1746 0 0.22 0.68
1747 0 0.24 0.68
1748 0 0.26 0.68
1749 0 0.28 0.68
1750 0 0.3 0.68
1751 0 0.32 0.68
1752 0 0.34 0.68
1753 0 0.36 0.68
1754 0 0.38 0.68
1755 0 0.4 0.68
1756 0 0.42 0.68
1757 0 0.44 0.68
1758 0 0.46 0.68
1759 0 0.48 0.68
1760 0 0.5 0.68
1761 0 0.52 0.68
1762 0 0.54 0.68
1763 0 0.56 0.68
1764 0 0.58 0.68
1765 0 0.6 0.68
1766 0 0.62 0.68
1767 0 0.64 0.68
1768 0 0.66 0.68
1769 0 0.68 0.68
1770 0 0.7 0.68
1771 0 0.72 0.68
1772 0 0.74 0.68
1773 0 0.76 0.68
1774 0 0.78 0.68
1775 0 0.8 0.68
1776 0 0.82 0.68
1777 0 0.84 0.68
1778 0 0.86 0.68
1779 0 0.88 0.68
1780 0 0.9 0.68
1781 0 0.92 0.68
1782 0 0.94 0.68
1783 0 0.96 0.68
1784 0 0.98 0.68
1785 0 1 0.68
1786 0 0 0.7
1787 0 0.02 0.7
1788 0 0.04 0.7
1789 0 0.06 0.7
1790 0 0.08 0.7
1791 0 0.1 0.7
1792 0 0.12 0.7
1793 0 0.14 0.7
1794 0 0.16 0.7
1795 0 0.18 0.7
1796 0 0.2 0.7
1797 0 0.22 0.7
1798 0 0.24 0.7
1799 0 0.26 0.7
1800 0 0.28 0.7
1801 0 0.3 0.7
1802 0 0.32 0.7
1803 0 0.34 0.7
1804 0 0.36 0.7
1805 0 0.38 0.7
1806 0 0.4 0.7
1807 0 0.42 0.7
1808 0 0.44 0.7
1809 0 0.46 0.7
1810 0 0.48 0.7
1811 0 0.5 0.7
1812 0 0.52 0.7
1813 0 0.54 0.7
1814 0 0.56 0.7
1815 0 0.58 0.7
1816 0 0.6 0.7
1817 0 0.62 0.7
1818 0 0.64 0.7
1819 0 0.66 0.7
1820 0 0.68 0.7
1821 0 0.7 0.7
1822 0 0.72 0.7
1823 0 0.74 0.7
1824 0 0.76 0.7
1825 0 0.78 0.7
1826 0 0.8 0.7
1827 0 0.82 0.7
1828 0 0.84 0.7
1829 0 0.86 0.7
1830 0 0.88 0.7
1831 0 0.9 0.7
1832 0 0.92 0.7
1833 0 0.94 0.7
1834 0 0.96 0.7
1835 0 0.98 0.7
1836 0 1 0.7
1837 0 0 0.72
1838 0 0.02 0.72
1839 0 0.04 0.72
1840 0 0.06 0.72
1841 0 0.08 0.72
1842 0 0.1 0.72
1843 0 0.12 0.72
1844 0 0.14 0.72
1845 0 0.16 0.72
1846 0 0.18 0.72
1847 0 0.2 0.72
1848 0 0.22 0.72
1849 0 0.24 0.72
1850 0 0.26 0.72
1851 0 0.28 0.72
1852 0 0.3 0.72
1853 0 0.32 0.72
1854 0 0.34 0.72
1855 0 0.36 0.72
1856 0 0.38 0.72
1857 0 0.4 0.72
1858 0 0.42 0.72
1859 0 0.44 0.72
1860 0 0.46 0.72
1861 0 0.48 0.72
1862 0 0.5 0.72
1863 0 0.52 0.72
1864 0 0.54 0.72
1865 0 0.56 0.72
1866 0 0.58 0.72
1867 0 0.6 0.72
1868 0 0.62 0.72
1869 0 0.64 0.72
1870 0 0.66 0.72
1871 0 0.68 0.72
1872 0 0.7 0.72
1873 0 0.72 0.72
1874 0 0.74 0.72
1875 0 0.76 0.72
1876 0 0.78 0.72
1877 0 0.8 0.72
1878 0 0.82 0.72
1879 0 0.84 0.72
1880 0 0.86 0.72
1881 0 0.88 0.72
1882 0 0.9 0.72
1883 0 0.92 0.72
1884 0 0.94 0.72
1885 0 0.96 0.72
1886 0 0.98 0.72
1887 0 1 0.72
1888 0 0 0.74
1889 0 0.02 0.74
1890 0 0.04 0.74
1891 0 0.06 0.74
1892 0 0.08 0.74
1893 0 0.1 0.74
1894 0 0.12 0.74
1895 0 0.14 0.74
1896 0 0.16 0.74
1897 0 0.18 0.74
1898 0 0.2 0.74
1899 0 0.22 0.74
1900 0 0.24 0.74
1901 0 0.26 0.74
1902 0 0.28 0.74
1903 0 0.3 0.74
1904 0 0.32 0.74
1905 0 0.34 0.74
1906 0 0.36 0.74
1907 0 0.38 0.74
1908 0 0.4 0.74
1909 0 0.42 0.74
1910 0 0.44 0.74
1911 0 0.46 0.74
1912 0 0.48 0.74
1913 0 0.5 0.74
1914 0 0.52 0.74
1915 0 0.54 0.74
1916 0 0.56 0.74
1917 0 0.58 0.74
1918 0 0.6 0.74
1919 0 0.62 0.74
1920 0 0.64 0.74
1921 0 0.66 0.74
1922 0 0.68 0.74
1923 0 0.7 0.74
1924 0 0.72 0.74
1925 0 0.74 0.74
1926 0 0.76 0.74
1927 0 0.78 0.74
1928 0 0.8 0.74
1929 0 0.82 0.74
1930 0 0.84 0.74
1931 0 0.86 0.74
1932 0 0.88 0.74
1933 0 0.9 0.74
1934 0 0.92 0.74
1935 0 0.94 0.74
1936 0 0.96 0.74
1937 0 0.98 0.74
1938 0 1 0.74
1939 0 0 0.76
1940 0 0.02 0.76
1941 0 0.04 0.76
1942 0 0.06 0.76
1943 0 0.08 0.76
1944 0 0.1 0.76
1945 0 0.12 0.76
1946 0 0.14 0.76
1947 0 0.16 0.76
1948 0 0.18 0.76
1949 0 0.2 0.76
1950 0 0.22 0.76
1951 0 0.24 0.76
1952 0 0.26 0.76
1953 0 0.28 0.76
1954 0 0.3 0.76
1955 0 0.32 0.76
1956 0 0.34 0.76
1957 0 0.36 0.76
1958 0 0.38 0.76
1959 0 0.4 0.76
1960 0 0.42 0.76
1961 0 0.44 0.76
1962 0 0.46 0.76
1963 0 0.48 0.76
1964 0 0.5 0.76
1965 0 0.52 0.76
1966 0 0.54 0.76
1967 0 0.56 0.76
1968 0 0.58 0.76
1969 0 0.6 0.76
1970 0 0.62 0.76
1971 0 0.64 0.76
1972 0 0.66 0.76
1973 0 0.68 0.76
1974 0 0.7 0.76
1975 0 0.72 0.76
1976 0 0.74 0.76
1977 0 0.76 0.76
1978 0 0.78 0.76
1979 0 0.8 0.76
1980 0 0.82 0.76
1981 0 0.84 0.76
1982 0 0.86 0.76
1983 0 0.88 0.76
1984 0 0.9 0.76
1985 0 0.92 0.76
1986 0 0.94 0.76
1987 0 0.96 0.76
1988 0 0.98 0.76
1989 0 1 0.76
1990 0 0 0.78
1991 0 0.02 0.78
1992 0 0.04 0.78
1993 0 0.06 0.78
1994 0 0.08 0.78
1995 0 0.1 0.78
1996 0 0.12 0.78
1997 0 0.14 0.78
1998 0 0.16 0.78
1999 0 0.18 0.78
2000 0 0.2 0.78
2001 0 0.22 0.78
2002 0 0.24 0.78
2003 0 0.26 0.78
2004 0 0.28 0.78
2005 0 0.3 0.78
2006 0 0.32 0.78
2007 0 0.34 0.78
2008 0 0.36 0.78
2009 0 0.38 0.78
2010 0 0.4 0.78
2011 0 0.42 0.78
2012 0 0.44 0.78
2013 0 0.46 0.78
2014 0 0.48 0.78
2015 0 0.5 0.78
2016 0 0.52 0.78
2017 0 0.54 0.78
2018 0 0.56 0.78
2019 0 0.58 0.78
2020 0 0.6 0.78
2021 0 0.62 0.78
2022 0 0.64 0.78
2023 0 0.66 0.78
2024 0 0.68 0.78
2025 0 0.7 0.78
2026 0 0.72 0.78
2027 0 0.74 0.78
2028 0 0.76 0.78
2029 0 0.78 0.78
2030 0 0.8 0.78
2031 0 0.82 0.78
2032 0 0.84 0.78
2033 0 0.86 0.78
2034 0 0.88 0.78
2035 0 0.9 0.78
2036 0 0.92 0.78
2037 0 0.94 0.78
2038 0 0.96 0.78
2039 0 0.98 0.78
2040 0 1 0.78
2041 0 0 0.8
2042 0 0.02 0.8
2043 0 0.04 0.8
2044 0 0.06 0.8
2045 0 0.08 0.8
2046 0 0.1 0.8
2047 0 0.12 0.8
2048 0 0.14 0.8
2049 0 0.16 0.8
2050 0 0.18 0.8
2051 0 0.2 0.8
2052 0 0.22 0.8
2053 0 0.24 0.8
2054 0 0.26 0.8
2055 0 0.28 0.8
2056 0 0.3 0.8
2057 0 0.32 0.8
2058 0 0.34 0.8
2059 0 0.36 0.8
2060 0 0.38 0.8
2061 0 0.4 0.8
2062 0 0.42 0.8
2063 0 0.44 0.8
2064 0 0.46 0.8
2065 0 0.48 0.8
2066 0 0.5 0.8
2067 0 0.52 0.8
2068 0 0.54 0.8
2069 0 0.56 0.8
2070 0 0.58 0.8
2071 0 0.6 0.8
2072 0 0.62 0.8
2073 0 0.64 0.8
2074 0 0.66 0.8
2075 0 0.68 0.8
2076 0 0.7 0.8
2077 0 0.72 0.8
2078 0 0.74 0.8
2079 0 0.76 0.8
2080 0 0.78 0.8
2081 0 0.8 0.8
2082 0 0.82 0.8
2083 0 0.84 0.8
2084 0 0.86 0.8
2085 0 0.88 0.8
2086 0 0.9 0.8
2087 0 0.92 0.8
2088 0 0.94 0.8
2089 0 0.96 0.8
2090 0 0.98 0.8
2091 0 1 0.8
2092 0 0 0.82
2093 0 0.02 0.82
2094 0 0.04 0.82
2095 0 0.06 0.82
2096 0 0.08 0.82
2097 0 0.1 0.82
2098 0 0.12 0.82
2099 0 0.14 0.82
2100 0 0.16 0.82
2101 0 0.18 0.82
2102 0 0.2 0.82
2103 0 0.22 0.82
2104 0 0.24 0.82
2105 0 0.26 0.82
2106 0 0.28 0.82
2107 0 0.3 0.82
2108 0 0.32 0.82
2109 0 0.34 0.82
2110 0 0.36 0.82
2111 0 0.38 0.82
2112 0 0.4 0.82
2113 0 0.42 0.82
2114 0 0.44 0.82
2115 0 0.46 0.82
2116 0 0.48 0.82
2117 0 0.5 0.82
2118 0 0.52 0.82
2119 0 0.54 0.82
2120 0 0.56 0.82
2121 0 0.58 0.82
2122 0 0.6 0.82
2123 0 0.62 0.82
2124 0 0.64 0.82
2125 0 0.66 0.82
2126 0 0.68 0.82
2127 0 0.7 0.82
2128 0 0.72 0.82
2129 0 0.74 0.82
2130 0 0.76 0.82
2131 0 0.78 0.82
2132 0 0.8 0.82
2133 0 0.82 0.82
2134 0 0.84 0.82
2135 0 0.86 0.82
2136 0 0.88 0.82
2137 0 0.9 0.82
2138 0 0.92 0.82
2139 0 0.94 0.82
2140 0 0.96 0.82
2141 0 0.98 0.82
2142 0 1 0.82
2143 0 0 0.84
2144 0 0.02 0.84
2145 0 0.04 0.84
2146 0 0.06 0.84
2147 0 0.08 0.84
2148 0 0.1 0.84
2149 0 0.12 0.84
2150 0 0.14 0.84
2151 0 0.16 0.84
2152 0 0.18 0.84
2153 0 0.2 0.84
2154 0 0.22 0.84
2155 0 0.24 0.84
2156 0 0.26 0.84
2157 0 0.28 0.84
2158 0 0.3 0.84
2159 0 0.32 0.84
2160 0 0.34 0.84
2161 0 0.36 0.84
2162 0 0.38 0.84
2163 0 0.4 0.84
2164 0 0.42 0.84
2165 0 0.44 0.84
2166 0 0.46 0.84
2167 0 0.48 0.84
2168 0 0.5 0.84
2169 0 0.52 0.84
2170 0 0.54 0.84
2171 0 0.56 0.84
2172 0 0.58 0.84
2173 0 0.6 0.84
2174 0 0.62 0.84
2175 0 0.64 0.84
2176 0 0.66 0.84
2177 0 0.68 0.84
2178 0 0.7 0.84
2179 0 0.72 0.84
2180 0 0.74 0.84
2181 0 0.76 0.84
2182 0 0.78 0.84
2183 0 0.8 0.84
2184 0 0.82 0.84
2185 0 0.84 0.84
2186 0 0.86 0.84
2187 0 0.88 0.84
2188 0 0.9 0.84
2189 0 0.92 0.84
2190 0 0.94 0.84
2191 0 0.96 0.84
2192 0 0.98 0.84
2193 0 1 0.84
2194 0 0 0.86
2195 0 0.02 0.86
2196 0 0.04 0.86
2197 0 0.06 0.86
2198 0 0.08 0.86
2199 0 0.1 0.86
2200 0 0.12 0.86
2201 0 0.14 0.86
2202 0 0.16 0.86
2203 0 0.18 0.86
2204 0 0.2 0.86
2205 0 0.22 0.86
2206 0 0.24 0.86
2207 0 0.26 0.86
2208 0 0.28 0.86
2209 0 0.3 0.86
2210 0 0.32 0.86
2211 0 0.34 0.86
2212 0 0.36 0.86
2213 0 0.38 0.86
2214 0 0.4 0.86
2215 0 0.42 0.86
2216 0 0.44 0.86
2217 0 0.46 0.86
2218 0 0.48 0.86
2219 0 0.5 0.86
2220 0 0.52 0.86
2221 0 0.54 0.86
2222 0 0.56 0.86
2223 0 0.58 0.86
2224 0 0.6 0.86
2225 0 0.62 0.86
2226 0 0.64 0.86
2227 0 0.66 0.86
2228 0 0.68 0.86
2229 0 0.7 0.86
2230 0 0.72 0.86
2231 0 0.74 0.86
2232 0 0.76 0.86
2233 0 0.78 0.86
2234 0 0.8 0.86
2235 0 0.82 0.86
2236 0 0.84 0.86
2237 0 0.86 0.86
2238 0 0.88 0.86
2239 0 0.9 0.86
2240 0 0.92 0.86
2241 0 0.94 0.86
2242 0 0.96 0.86
2243 0 0.98 0.86
2244 0 1 0.86
2245 0 0 0.88
2246 0 0.02 0.88
2247 0 0.04 0.88
2248 0 0.06 0.88
2249 0 0.08 0.88
2250 0 0.1 0.88
2251 0 0.12 0.88
2252 0 0.14 0.88
2253 0 0.16 0.88
2254 0 0.18 0.88
2255 0 0.2 0.88
2256 0 0.22 0.88
2257 0 0.24 0.88
2258 0 0.26 0.88
2259 0 0.28 0.88
2260 0 0.3 0.88
2261 0 0.32 0.88
2262 0 0.34 0.88
2263 0 0.36 0.88
2264 0 0.38 0.88
2265 0 0.4 0.88
2266 0 0.42 0.88
2267 0 0.44 0.88
2268 0 0.46 0.88
2269 0 0.48 0.88
2270 0 0.5 0.88
2271 0 0.52 0.88
2272 0 0.54 0.88
2273 0 0.56 0.88
2274 0 0.58 0.88
2275 0 0.6 0.88
2276 0 0.62 0.88
2277 0 0.64 0.88
2278 0 0.66 0.88
2279 0 0.68 0.88
2280 0 0.7 0.88
2281 0 0.72 0.88
2282 0 0.74 0.88
2283 0 0.76 0.88
2284 0 0.78 0.88
2285 0 0.8 0.88
2286 0 0.82 0.88
2287 0 0.84 0.88
2288 0 0.86 0.88
2289 0 0.88 0.88
2290 0 0.9 0.88
2291 0 0.92 0.88
2292 0 0.94 0.88
2293 0 0.96 0.88
2294 0 0.98 0.88
2295 0 1 0.88
2296 0 0 0.9
2297 0 0.02 0.9
2298 0 0.04 0.9
2299 0 0.06 0.9
2300 0 0.08 0.9
2301 0 0.1 0.9
2302 0 0.12 0.9
2303 0 0.14 0.9
2304 0 0.16 0.9
2305 0 0.18 0.9
2306 0 0.2 0.9
2307 0 0.22 0.9
2308 0 0.24 0.9
2309 0 0.26 0.9
2310 0 0.28 0.9
2311 0 0.3 0.9
2312 0 0.32 0.9
2313 0 0.34 0.9
2314 0 0.36 0.9
2315 0 0.38 0.9
2316 0 0.4 0.9
2317 0 0.42 0.9
2318 0 0.44 0.9
2319 0 0.46 0.9
2320 0 0.48 0.9
2321 0 0.5 0.9
2322 0 0.52 0.9
2323 0 0.54 0.9
2324 0 0.56 0.9
2325 0 0.58 0.9
2326 0 0.6 0.9
2327 0 0.62 0.9
2328 0 0.64 0.9
2329 0 0.66 0.9
2330 0 0.68 0.9
2331 0 0.7 0.9
2332 0 0.72 0.9
2333 0 0.74 0.9
2334 0 0.76 0.9
2335 0 0.78 0.9
2336 0 0.8 0.9
2337 0 0.82 0.9
2338 0 0.84 0.9
2339 0 0.86 0.9
2340 0 0.88 0.9
2341 0 0.9 0.9
2342 0 0.92 0.9
2343 0 0.94 0.9
2344 0 0.96 0.9
2345 0 0.98 0.9
2346 0 1 0.9
2347 0 0 0.92
2348 0 0.02 0.92
2349 0 0.04 0.92
2350 0 0.06 0.92
2351 0 0.08 0.92
2352 0 0.1 0.92
2353 0 0.12 0.92
2354 0 0.14 0.92
2355 0 0.16 0.92
2356 0 0.18 0.92
2357 0 0.2 0.92
2358 0 0.22 0.92
2359 0 0.24 0.92
2360 0 0.26 0.92
2361 0 0.28 0.92
2362 0 0.3 0.92
2363 0 0.32 0.92
2364 0 0.34 0.92
2365 0 0.36 0.92
2366 0 0.38 0.92
2367 0 0.4 0.92
2368 0 0.42 0.92
2369 0 0.44 0.92
2370 0 0.46 0.92
2371 0 0.48 0.92
2372 0 0.5 0.92
2373 0 0.52 0.92
2374 0 0.54 0.92
2375 0 0.56 0.92
2376 0 0.58 0.92
2377 0 0.6 0.92
2378 0 0.62 0.92
2379 0 0.64 0.92
2380 0 0.66 0.92
2381 0 0.68 0.92
2382 0 0.7 0.92
2383 0 0.72 0.92
2384 0 0.74 0.92
2385 0 0.76 0.92
2386 0 0.78 0.92
2387 0 0.8 0.92
2388 0 0.82 0.92
2389 0 0.84 0.92
2390 0 0.86 0.92
2391 0 0.88 0.92
2392 0 0.9 0.92
2393 0 0.92 0.92
2394 0 0.94 0.92
2395 0 0.96 0.92
2396 0 0.98 0.92
2397 0 1 0.92
2398 0 0 0.94
2399 0 0.02 0.94
2400 0 0.04 0.94
2401 0 0.06 0.94
2402 0 0.08 0.94
2403 0 0.1 0.94
2404 0 0.12 0.94
2405 0 0.14 0.94
2406 0 0.16 0.94
2407 0 0.18 0.94
2408 0 0.2 0.94
2409 0 0.22 0.94
2410 0 0.24 0.94
2411 0 0.26 0.94
2412 0 0.28 0.94
2413 0 0.3 0.94
2414 0 0.32 0.94
2415 0 0.34 0.94
2416 0 0.36 0.94
2417 0 0.38 0.94
2418 0 0.4 0.94
2419 0 0.42 0.94
2420 0 0.44 0.94
2421 0 0.46 0.94
2422 0 0.48 0.94
2423 0 0.5 0.94
2424 0 0.52 0.94
2425 0 0.54 0.94
2426 0 0.56 0.94
2427 0 0.58 0.94
2428 0 0.6 0.94
2429 0 0.62 0.94
2430 0 0.64 0.94
2431 0 0.66 0.94
2432 0 0.68 0.94
2433 0 0.7 0.94
2434 0 0.72 0.94
2435 0 0.74 0.94
2436 0 0.76 0.94
2437 0 0.78 0.94
2438 0 0.8 0.94
2439 0 0.82 0.94
2440 0 0.84 0.94
2441 0 0.86 0.94
2442 0 0.88 0.94
2443 0 0.9 0.94
2444 0 0.92 0.94
2445 0 0.94 0.94
2446 0 0.96 0.94
2447 0 0.98 0.94
2448 0 1 0.94
2449 0 0 0.96
2450 0 0.02 0.96
2451 0 0.04 0.96
2452 0 0.06 0.96
2453 0 0.08 0.96
2454 0 0.1 0.96
2455 0 0.12 0.96
2456 0 0.14 0.96
2457 0 0.16 0.96
2458 0 0.18 0.96
2459 0 0.2 0.96
2460 0 0.22 0.96
2461 0 0.24 0.96
2462 0 0.26 0.96
2463 0 0.28 0.96
2464 0 0.3 0.96
2465 0 0.32 0.96
2466 0 0.34 0.96
2467 0 0.36 0.96
2468 0 0.38 0.96
2469 0 0.4 0.96
2470 0 0.42 0.96
2471 0 0.44 0.96
2472 0 0.46 0.96
2473 0 0.48 0.96
2474 0 0.5 0.96
2475 0 0.52 0.96
2476 0 0.54 0.96
2477 0 0.56 0.96
2478 0 0.58 0.96
2479 0 0.6 0.96
2480 0 0.62 0.96
2481 0 0.64 0.96
2482 0 0.66 0.96
2483 0 0.68 0.96
2484 0 0.7 0.96
2485 0 0.72 0.96
2486 0 0.74 0.96
2487 0 0.76 0.96
2488 0 0.78 0.96
2489 0 0.8 0.96
2490 0 0.82 0.96
2491 0 0.84 0.96
2492 0 0.86 0.96
2493 0 0.88 0.96
2494 0 0.9 0.96
2495 0 0.92 0.96
2496 0 0.94 0.96
2497 0 0.96 0.96
2498 0 0.98 0.96
2499 0 1 0.96
2500 0 0 0.98
2501 0 0.02 0.98
2502 0 0.04 0.98
2503 0 0.06 0.98
2504 0 0.08 0.98
2505 0 0.1 0.98
2506 0 0.12 0.98
2507 0 0.14 0.98
2508 0 0.16 0.98
2509 0 0.18 0.98
2510 0 0.2 0.98
2511 0 0.22 0.98
2512 0 0.24 0.98
2513 0 0.26 0.98
2514 0 0.28 0.98
2515 0 0.3 0.98
2516 0 0.32 0.98
2517 0 0.34 0.98
2518 0 0.36 0.98
2519 0 0.38 0.98
2520 0 0.4 0.98
2521 0 0.42 0.98
2522 0 0.44 0.98
2523 0 0.46 0.98
2524 0 0.48 0.98
2525 0 0.5 0.98
2526 0 0.52 0.98
2527 0 0.54 0.98
2528 0 0.56 0.98
2529 0 0.58 0.98
2530 0 0.6 0.98
2531 0 0.62 0.98
2532 0 0.64 0.98
2533 0 0.66 0.98
2534 0 0.68 0.98
2535 0 0.7 0.98
2536 0 0.72 0.98
2537 0 0.74 0.98
2538 0 0.76 0.98
2539 0 0.78 0.98
2540 0 0.8 0.98
2541 0 0.82 0.98
2542 0 0.84 0.98
2543 0 0.86 0.98
2544 0 0.88 0.98
2545 0 0.9 0.98
2546 0 0.92 0.98
2547 0 0.94 0.98
2548 0 0.96 0.98
2549 0 0.98 0.98
2550 0 1 0.98
2551 0 0 1
2552 0 0.02 1
2553 0 0.04 1
2554 0 0.06 1
2555 0 0.08 1
2556 0 0.1 1
2557 0 0.12 1
2558 0 0.14 1
2559 0 0.16 1
2560 0 0.18 1
2561 0 0.2 1
2562 0 0.22 1
2563 0 0.24 1
2564 0 0.26 1
2565 0 0.28 1
2566 0 0.3 1
2567 0 0.32 1
2568 0 0.34 1
2569 0 0.36 1
2570 0 0.38 1
2571 0 0.4 1
2572 0 0.42 1
2573 0 0.44 1
2574 0 0.46 1
2575 0 0.48 1
2576 0 0.5 1
2577 0 0.52 1
2578 0 0.54 1
2579 0 0.56 1
2580 0 0.58 1
2581 0 0.6 1
2582 0 0.62 1
2583 0 0.64 1
2584 0 0.66 1
2585 0 0.68 1
2586 0 0.7 1
2587 0 0.72 1
2588 0 0.74 1
2589 0 0.76 1
2590 0 0.78 1
2591 0 0.8 1
2592 0 0.82 1
2593 0 0.84 1
2594 0 0.86 1
2595 0 0.88 1
2596 0 0.9 1
2597 0 0.92 1
2598 0 0.94 1
2599 0 0.96 1
2600 0 0.98 1
2601 0 1 1
